,0,1,cont
0,38,9,0
1,37,10,0
2,36,11,0
3,35,10,0
4,34,10,0
5,33,10,0
6,32,10,0
7,31,10,0
8,30,10,0
9,29,10,0
10,28,11,0
11,27,11,0
12,26,11,0
13,25,11,0
14,24,12,0
15,23,12,0
16,22,12,0
17,21,13,0
18,20,14,0
19,19,15,0
20,18,15,0
21,17,16,0
22,16,17,0
23,15,17,0
24,14,18,0
25,13,19,0
26,13,20,0
27,12,21,0
28,12,22,0
29,11,23,0
30,11,24,0
31,10,25,0
32,10,26,0
33,10,27,0
34,9,28,0
35,9,29,0
36,9,30,0
37,9,31,0
38,9,32,0
39,9,33,0
40,9,34,0
41,9,35,0
42,10,36,0
43,10,37,0
44,10,38,0
45,10,39,0
46,10,40,0
47,10,41,0
48,10,42,0
49,10,43,0
50,10,44,0
51,11,45,0
52,11,46,0
53,12,47,0
54,13,48,0
55,14,49,0
56,14,50,0
57,15,51,0
58,16,52,0
59,17,53,0
60,18,54,0
61,19,54,0
62,20,55,0
63,21,56,0
64,22,56,0
65,23,57,0
66,24,57,0
67,25,58,0
68,26,58,0
69,27,58,0
70,28,58,0
71,29,59,0
72,30,59,0
73,31,59,0
74,32,59,0
75,33,60,0
76,34,60,0
77,35,60,0
78,36,60,0
79,37,59,0
80,38,59,0
81,39,59,0
82,40,59,0
83,41,59,0
84,42,59,0
85,43,58,0
86,44,58,0
87,45,57,0
88,46,57,0
89,47,57,0
90,48,57,0
91,49,56,0
92,50,55,0
93,51,54,0
94,52,53,0
95,53,52,0
96,53,51,0
97,54,50,0
98,54,49,0
99,54,48,0
100,54,47,0
101,53,46,0
102,53,45,0
103,53,44,0
104,53,43,0
105,53,42,0
106,53,41,0
107,54,40,0
108,54,39,0
109,54,38,0
110,55,37,0
111,55,36,0
112,55,35,0
113,55,34,0
114,55,33,0
115,54,32,0
116,53,32,0
117,52,32,0
118,51,32,0
119,50,32,0
120,49,32,0
121,48,32,0
122,47,32,0
123,46,32,0
124,45,32,0
125,44,32,0
126,43,32,0
127,42,31,0
128,41,31,0
129,40,31,0
130,39,31,0
131,38,31,0
132,37,31,0
133,36,31,0
134,35,31,0
135,34,31,0
136,34,32,0
137,34,33,0
138,34,34,0
139,34,35,0
140,35,36,0
141,36,37,0
142,37,37,0
143,38,37,0
144,39,37,0
145,40,37,0
146,41,37,0
147,42,37,0
148,43,37,0
149,44,38,0
150,44,39,0
151,44,40,0
152,44,41,0
153,44,42,0
154,44,43,0
155,44,44,0
156,44,45,0
157,44,46,0
158,44,47,0
159,43,48,0
160,42,49,0
161,41,50,0
162,40,51,0
163,39,52,0
164,38,53,0
165,37,53,0
166,36,52,0
167,35,52,0
168,34,52,0
169,33,52,0
170,32,52,0
171,31,51,0
172,30,50,0
173,29,50,0
174,28,50,0
175,27,49,0
176,26,48,0
177,26,47,0
178,25,46,0
179,24,46,0
180,23,45,0
181,22,45,0
182,21,44,0
183,20,44,0
184,19,43,0
185,19,42,0
186,19,41,0
187,18,40,0
188,18,39,0
189,17,38,0
190,17,37,0
191,16,36,0
192,16,35,0
193,16,34,0
194,17,33,0
195,18,32,0
196,18,31,0
197,19,30,0
198,20,29,0
199,20,28,0
200,21,27,0
201,22,26,0
202,22,25,0
203,23,24,0
204,24,23,0
205,24,22,0
206,25,21,0
207,26,20,0
208,27,19,0
209,28,19,0
210,29,18,0
211,30,18,0
212,31,17,0
213,32,17,0
214,33,16,0
215,34,16,0
216,35,15,0
217,36,15,0
218,37,15,0
219,38,15,0
220,39,15,0
221,40,15,0
222,41,15,0
223,42,16,0
224,43,16,0
225,44,16,0
226,45,17,0
227,46,18,0
228,46,19,0
229,47,20,0
230,47,21,0
231,47,22,0
232,48,23,0
233,48,24,0
234,48,25,0
235,49,25,0
236,50,25,0
237,51,25,0
238,52,25,0
239,53,24,0
240,54,23,0
241,54,22,0
242,54,21,0
243,54,20,0
244,53,19,0
245,53,18,0
246,53,17,0
247,53,16,0
248,53,15,0
249,52,14,0
250,51,13,0
251,50,12,0
252,49,12,0
253,48,12,0
254,47,11,0
255,46,11,0
256,45,11,0
257,44,10,0
258,43,10,0
259,42,10,0
260,41,10,0
261,40,9,0
262,39,9,0
