,0,1,cont
0,28,9,0
1,27,10,0
2,26,10,0
3,25,10,0
4,24,11,0
5,23,11,0
6,22,12,0
7,22,13,0
8,21,14,0
9,20,14,0
10,19,15,0
11,18,15,0
12,17,15,0
13,16,16,0
14,15,17,0
15,14,17,0
16,14,18,0
17,13,19,0
18,13,20,0
19,12,21,0
20,11,22,0
21,11,23,0
22,10,24,0
23,10,25,0
24,9,26,0
25,9,27,0
26,9,28,0
27,9,29,0
28,9,30,0
29,9,31,0
30,9,32,0
31,9,33,0
32,9,34,0
33,9,35,0
34,9,36,0
35,9,37,0
36,9,38,0
37,9,39,0
38,9,40,0
39,9,41,0
40,9,42,0
41,10,43,0
42,10,44,0
43,11,45,0
44,12,46,0
45,13,47,0
46,13,48,0
47,14,48,0
48,15,49,0
49,15,50,0
50,16,51,0
51,17,52,0
52,18,52,0
53,19,53,0
54,20,54,0
55,21,54,0
56,22,54,0
57,23,54,0
58,24,55,0
59,25,55,0
60,26,55,0
61,27,55,0
62,28,55,0
63,29,55,0
64,30,55,0
65,31,55,0
66,32,55,0
67,33,55,0
68,34,56,0
69,35,56,0
70,36,56,0
71,37,55,0
72,38,55,0
73,39,55,0
74,40,54,0
75,41,54,0
76,42,54,0
77,43,54,0
78,44,54,0
79,45,53,0
80,46,53,0
81,47,52,0
82,48,51,0
83,49,50,0
84,50,50,0
85,51,49,0
86,52,48,0
87,52,47,0
88,52,46,0
89,52,45,0
90,52,44,0
91,52,43,0
92,52,42,0
93,52,41,0
94,52,40,0
95,52,39,0
96,52,38,0
97,52,37,0
98,53,36,0
99,53,35,0
100,53,34,0
101,54,33,0
102,55,32,0
103,55,31,0
104,55,30,0
105,54,29,0
106,53,29,0
107,52,29,0
108,51,29,0
109,50,29,0
110,49,29,0
111,48,30,0
112,47,30,0
113,46,30,0
114,45,30,0
115,44,30,0
116,43,30,0
117,42,30,0
118,41,30,0
119,40,29,0
120,39,29,0
121,38,29,0
122,37,29,0
123,36,29,0
124,35,29,0
125,34,29,0
126,33,30,0
127,33,31,0
128,33,32,0
129,34,33,0
130,35,34,0
131,36,34,0
132,37,34,0
133,38,34,0
134,39,34,0
135,40,35,0
136,41,35,0
137,42,35,0
138,43,36,0
139,43,37,0
140,43,38,0
141,43,39,0
142,43,40,0
143,43,41,0
144,43,42,0
145,43,43,0
146,43,44,0
147,42,45,0
148,41,46,0
149,40,47,0
150,40,48,0
151,39,49,0
152,38,50,0
153,37,50,0
154,36,50,0
155,35,50,0
156,34,50,0
157,33,50,0
158,32,50,0
159,31,50,0
160,30,50,0
161,29,49,0
162,28,49,0
163,27,49,0
164,26,48,0
165,25,48,0
166,24,47,0
167,24,46,0
168,23,45,0
169,23,44,0
170,23,43,0
171,22,42,0
172,22,41,0
173,22,40,0
174,21,39,0
175,21,38,0
176,20,37,0
177,20,36,0
178,19,35,0
179,19,34,0
180,19,33,0
181,19,32,0
182,20,31,0
183,20,30,0
184,20,29,0
185,20,28,0
186,21,27,0
187,21,26,0
188,22,25,0
189,22,24,0
190,23,23,0
191,24,22,0
192,24,21,0
193,25,20,0
194,26,19,0
195,26,18,0
196,27,17,0
197,28,17,0
198,29,16,0
199,30,15,0
200,31,15,0
201,32,14,0
202,33,13,0
203,34,13,0
204,35,13,0
205,36,13,0
206,37,13,0
207,38,13,0
208,39,13,0
209,40,13,0
210,41,13,0
211,42,14,0
212,43,14,0
213,44,15,0
214,45,15,0
215,46,16,0
216,46,17,0
217,47,18,0
218,47,19,0
219,47,20,0
220,47,21,0
221,48,22,0
222,49,22,0
223,50,22,0
224,51,22,0
225,52,21,0
226,52,20,0
227,52,19,0
228,52,18,0
229,52,17,0
230,52,16,0
231,52,15,0
232,52,14,0
233,52,13,0
234,51,12,0
235,51,11,0
236,50,10,0
237,49,10,0
238,48,9,0
239,47,9,0
240,46,9,0
241,45,9,0
242,44,9,0
243,43,9,0
244,42,9,0
245,41,9,0
246,40,9,0
247,39,9,0
248,38,9,0
249,37,9,0
250,36,9,0
251,35,9,0
252,34,9,0
253,33,9,0
254,32,9,0
255,31,9,0
256,30,9,0
257,29,9,0
