,0,1,cont
0,41,9,0
1,40,10,0
2,39,10,0
3,38,10,0
4,37,10,0
5,36,10,0
6,35,10,0
7,34,10,0
8,33,10,0
9,32,10,0
10,31,10,0
11,30,11,0
12,29,12,0
13,28,12,0
14,27,13,0
15,26,13,0
16,25,13,0
17,24,13,0
18,23,14,0
19,22,14,0
20,21,14,0
21,20,15,0
22,19,15,0
23,18,16,0
24,17,17,0
25,16,18,0
26,15,19,0
27,15,20,0
28,14,21,0
29,13,22,0
30,13,23,0
31,12,24,0
32,11,25,0
33,11,26,0
34,11,27,0
35,11,28,0
36,11,29,0
37,10,30,0
38,10,31,0
39,10,32,0
40,10,33,0
41,9,34,0
42,9,35,0
43,9,36,0
44,9,37,0
45,9,38,0
46,9,39,0
47,9,40,0
48,9,41,0
49,9,42,0
50,9,43,0
51,9,44,0
52,9,45,0
53,9,46,0
54,10,47,0
55,11,47,0
56,12,48,0
57,13,49,0
58,13,50,0
59,13,51,0
60,14,52,0
61,15,52,0
62,16,53,0
63,17,54,0
64,18,55,0
65,19,55,0
66,20,56,0
67,21,56,0
68,22,56,0
69,23,56,0
70,24,56,0
71,25,56,0
72,26,57,0
73,27,57,0
74,28,57,0
75,29,57,0
76,30,57,0
77,31,57,0
78,32,58,0
79,33,58,0
80,34,58,0
81,35,58,0
82,36,58,0
83,37,58,0
84,38,58,0
85,39,58,0
86,40,58,0
87,41,57,0
88,42,57,0
89,43,57,0
90,44,57,0
91,45,56,0
92,46,56,0
93,47,56,0
94,48,55,0
95,49,55,0
96,50,55,0
97,51,54,0
98,52,53,0
99,53,52,0
100,53,51,0
101,53,50,0
102,53,49,0
103,54,48,0
104,54,47,0
105,54,46,0
106,54,45,0
107,54,44,0
108,54,43,0
109,54,42,0
110,54,41,0
111,54,40,0
112,54,39,0
113,54,38,0
114,54,37,0
115,55,36,0
116,55,35,0
117,55,34,0
118,55,33,0
119,55,32,0
120,55,31,0
121,54,30,0
122,53,30,0
123,52,30,0
124,51,30,0
125,50,30,0
126,49,30,0
127,48,30,0
128,47,31,0
129,46,31,0
130,45,31,0
131,44,31,0
132,43,31,0
133,42,30,0
134,41,30,0
135,40,30,0
136,39,30,0
137,38,30,0
138,37,30,0
139,36,30,0
140,35,31,0
141,35,32,0
142,35,33,0
143,35,34,0
144,35,35,0
145,36,36,0
146,37,36,0
147,38,36,0
148,39,36,0
149,40,36,0
150,41,36,0
151,42,36,0
152,43,37,0
153,43,38,0
154,44,39,0
155,44,40,0
156,45,41,0
157,45,42,0
158,45,43,0
159,45,44,0
160,45,45,0
161,45,46,0
162,45,47,0
163,44,48,0
164,43,49,0
165,42,50,0
166,41,51,0
167,40,52,0
168,39,52,0
169,38,52,0
170,37,52,0
171,36,52,0
172,35,51,0
173,34,51,0
174,33,50,0
175,32,50,0
176,31,50,0
177,30,50,0
178,29,49,0
179,28,48,0
180,27,48,0
181,26,48,0
182,25,48,0
183,24,48,0
184,23,47,0
185,22,47,0
186,21,47,0
187,20,46,0
188,19,45,0
189,19,44,0
190,19,43,0
191,20,42,0
192,21,42,0
193,21,41,0
194,21,40,0
195,21,39,0
196,21,38,0
197,21,37,0
198,21,36,0
199,21,35,0
200,21,34,0
201,21,33,0
202,21,32,0
203,21,31,0
204,22,30,0
205,22,29,0
206,22,28,0
207,23,27,0
208,23,26,0
209,23,25,0
210,24,24,0
211,25,23,0
212,26,22,0
213,27,21,0
214,28,20,0
215,29,20,0
216,30,19,0
217,31,19,0
218,32,18,0
219,33,17,0
220,34,16,0
221,35,15,0
222,36,14,0
223,37,14,0
224,38,13,0
225,39,13,0
226,40,13,0
227,41,14,0
228,42,14,0
229,43,14,0
230,44,14,0
231,45,15,0
232,45,16,0
233,46,16,0
234,47,17,0
235,48,18,0
236,48,19,0
237,48,20,0
238,49,21,0
239,49,22,0
240,49,23,0
241,50,24,0
242,51,24,0
243,52,24,0
244,53,24,0
245,54,24,0
246,54,23,0
247,55,22,0
248,55,21,0
249,55,20,0
250,55,19,0
251,55,18,0
252,54,17,0
253,54,16,0
254,54,15,0
255,53,14,0
256,52,13,0
257,51,12,0
258,50,12,0
259,49,11,0
260,48,10,0
261,47,10,0
262,46,9,0
263,45,9,0
264,44,9,0
265,43,9,0
266,42,9,0
