,0,1,cont
0,36,27,0
1,36,28,0
2,35,29,0
3,35,30,0
4,35,31,0
5,35,32,0
6,36,32,0
7,37,33,0
8,37,34,0
9,37,35,0
10,38,35,0
11,39,36,0
12,40,36,0
13,41,36,0
14,42,36,0
15,43,36,0
16,44,36,0
17,45,36,0
18,46,36,0
19,47,36,0
20,48,35,0
21,49,34,0
22,50,34,0
23,51,33,0
24,52,34,0
25,53,34,0
26,54,34,0
27,54,33,0
28,54,32,0
29,53,32,0
30,52,31,0
31,52,30,0
32,51,30,0
33,50,30,0
34,49,30,0
35,48,29,0
36,47,29,0
37,46,28,0
38,45,28,0
39,44,28,0
40,43,28,0
41,42,27,0
42,41,27,0
43,40,27,0
44,39,27,0
45,38,27,0
46,37,27,0
0,45,10,1
1,45,11,1
2,45,12,1
3,46,13,1
4,47,14,1
5,48,15,1
6,49,16,1
7,49,17,1
8,49,18,1
9,50,19,1
10,50,20,1
11,51,20,1
12,52,20,1
13,53,20,1
14,54,19,1
15,54,18,1
16,54,17,1
17,54,16,1
18,53,15,1
19,53,14,1
20,53,13,1
21,53,12,1
22,52,11,1
23,51,11,1
24,50,11,1
25,49,11,1
26,48,10,1
27,47,10,1
28,46,10,1
0,27,9,2
1,26,10,2
2,25,10,2
3,24,10,2
4,23,11,2
5,22,11,2
6,21,12,2
7,20,12,2
8,19,12,2
9,18,13,2
10,17,13,2
11,16,14,2
12,15,15,2
13,15,16,2
14,14,17,2
15,14,18,2
16,13,19,2
17,12,20,2
18,11,21,2
19,11,22,2
20,11,23,2
21,10,24,2
22,10,25,2
23,10,26,2
24,9,27,2
25,9,28,2
26,9,29,2
27,9,30,2
28,9,31,2
29,9,32,2
30,9,33,2
31,9,34,2
32,9,35,2
33,9,36,2
34,9,37,2
35,9,38,2
36,9,39,2
37,9,40,2
38,9,41,2
39,10,42,2
40,10,43,2
41,11,44,2
42,11,45,2
43,12,45,2
44,13,46,2
45,14,47,2
46,15,48,2
47,16,49,2
48,17,50,2
49,17,51,2
50,18,51,2
51,19,52,2
52,20,52,2
53,21,53,2
54,22,53,2
55,23,53,2
56,24,54,2
57,25,54,2
58,26,54,2
59,27,54,2
60,28,54,2
61,29,54,2
62,30,54,2
63,31,54,2
64,32,55,2
65,33,55,2
66,34,55,2
67,35,55,2
68,36,55,2
69,37,55,2
70,38,55,2
71,39,55,2
72,40,55,2
73,41,55,2
74,42,54,2
75,43,54,2
76,44,54,2
77,45,53,2
78,46,53,2
79,47,53,2
80,48,53,2
81,49,52,2
82,50,52,2
83,51,51,2
84,52,50,2
85,52,49,2
86,52,48,2
87,52,47,2
88,52,46,2
89,51,45,2
90,50,44,2
91,50,43,2
92,50,42,2
93,49,41,2
94,48,40,2
95,48,39,2
96,48,38,2
97,47,38,2
98,46,38,2
99,45,38,2
100,45,39,2
101,44,40,2
102,44,41,2
103,44,42,2
104,45,43,2
105,45,44,2
106,46,45,2
107,46,46,2
108,45,47,2
109,44,47,2
110,43,47,2
111,42,48,2
112,41,48,2
113,40,49,2
114,39,49,2
115,38,49,2
116,37,49,2
117,36,48,2
118,35,48,2
119,34,48,2
120,33,48,2
121,32,48,2
122,31,47,2
123,30,47,2
124,29,46,2
125,28,46,2
126,27,46,2
127,26,45,2
128,25,44,2
129,25,43,2
130,24,42,2
131,23,41,2
132,22,40,2
133,21,39,2
134,21,38,2
135,21,37,2
136,21,36,2
137,21,35,2
138,21,34,2
139,20,33,2
140,20,32,2
141,20,31,2
142,20,30,2
143,20,29,2
144,21,28,2
145,21,27,2
146,21,26,2
147,22,25,2
148,22,24,2
149,23,23,2
150,23,22,2
151,23,21,2
152,23,20,2
153,23,19,2
154,24,18,2
155,25,17,2
156,26,16,2
157,27,15,2
158,28,15,2
159,29,14,2
160,30,14,2
161,31,13,2
162,32,13,2
163,33,13,2
164,33,12,2
165,33,11,2
166,33,10,2
167,33,9,2
168,32,9,2
169,31,9,2
170,30,9,2
171,29,9,2
172,28,9,2
