,0,1,cont
0,33,9,0
1,32,10,0
2,31,10,0
3,30,10,0
4,29,11,0
5,28,11,0
6,27,12,0
7,26,12,0
8,25,13,0
9,24,13,0
10,23,13,0
11,22,14,0
12,21,15,0
13,20,15,0
14,19,16,0
15,18,17,0
16,17,17,0
17,16,18,0
18,16,19,0
19,15,20,0
20,14,21,0
21,13,22,0
22,13,23,0
23,12,24,0
24,11,25,0
25,11,26,0
26,10,27,0
27,10,28,0
28,10,29,0
29,10,30,0
30,10,31,0
31,10,32,0
32,10,33,0
33,9,34,0
34,9,35,0
35,9,36,0
36,9,37,0
37,9,38,0
38,9,39,0
39,9,40,0
40,9,41,0
41,9,42,0
42,10,43,0
43,10,44,0
44,11,45,0
45,11,46,0
46,12,47,0
47,12,48,0
48,13,49,0
49,14,50,0
50,14,51,0
51,15,52,0
52,16,53,0
53,17,54,0
54,18,55,0
55,19,55,0
56,20,55,0
57,21,56,0
58,22,56,0
59,23,57,0
60,24,58,0
61,25,58,0
62,26,59,0
63,27,59,0
64,28,59,0
65,29,59,0
66,30,60,0
67,31,60,0
68,32,60,0
69,33,61,0
70,34,61,0
71,35,61,0
72,36,61,0
73,37,61,0
74,38,61,0
75,39,60,0
76,40,60,0
77,41,60,0
78,42,60,0
79,43,60,0
80,44,60,0
81,45,60,0
82,46,59,0
83,47,59,0
84,48,58,0
85,49,58,0
86,50,58,0
87,50,57,0
88,51,56,0
89,52,56,0
90,53,56,0
91,54,55,0
92,54,54,0
93,55,53,0
94,55,52,0
95,55,51,0
96,55,50,0
97,55,49,0
98,56,48,0
99,56,47,0
100,56,46,0
101,56,45,0
102,56,44,0
103,56,43,0
104,56,42,0
105,56,41,0
106,56,40,0
107,57,39,0
108,57,38,0
109,58,37,0
110,59,37,0
111,59,36,0
112,59,35,0
113,59,34,0
114,58,34,0
115,57,33,0
116,56,33,0
117,55,33,0
118,54,33,0
119,53,33,0
120,52,33,0
121,51,32,0
122,50,31,0
123,49,31,0
124,48,31,0
125,47,31,0
126,46,31,0
127,45,31,0
128,44,31,0
129,43,31,0
130,42,31,0
131,41,31,0
132,40,31,0
133,39,31,0
134,38,31,0
135,37,31,0
136,36,32,0
137,36,33,0
138,36,34,0
139,36,35,0
140,36,36,0
141,36,37,0
142,37,38,0
143,38,38,0
144,39,38,0
145,40,38,0
146,41,39,0
147,42,40,0
148,43,41,0
149,44,42,0
150,44,43,0
151,45,44,0
152,45,45,0
153,44,46,0
154,44,47,0
155,44,48,0
156,44,49,0
157,43,50,0
158,43,51,0
159,42,52,0
160,41,52,0
161,40,53,0
162,39,53,0
163,38,53,0
164,37,53,0
165,36,52,0
166,35,52,0
167,34,52,0
168,33,51,0
169,32,51,0
170,31,51,0
171,30,51,0
172,29,50,0
173,28,49,0
174,27,49,0
175,26,48,0
176,25,47,0
177,25,46,0
178,24,45,0
179,24,44,0
180,24,43,0
181,23,42,0
182,23,41,0
183,23,40,0
184,23,39,0
185,22,38,0
186,22,37,0
187,21,36,0
188,21,35,0
189,21,34,0
190,22,33,0
191,22,32,0
192,22,31,0
193,22,30,0
194,23,29,0
195,23,28,0
196,23,27,0
197,24,26,0
198,24,25,0
199,25,24,0
200,25,23,0
201,26,22,0
202,27,22,0
203,27,21,0
204,28,20,0
205,29,19,0
206,30,19,0
207,31,18,0
208,32,18,0
209,33,18,0
210,34,17,0
211,35,17,0
212,36,17,0
213,37,16,0
214,38,16,0
215,39,16,0
216,40,15,0
217,41,15,0
218,42,14,0
219,43,14,0
220,44,14,0
221,45,14,0
222,46,15,0
223,47,16,0
224,47,17,0
225,48,18,0
226,49,19,0
227,49,20,0
228,50,21,0
229,50,22,0
230,50,23,0
231,51,24,0
232,52,25,0
233,53,25,0
234,54,25,0
235,55,24,0
236,55,23,0
237,55,22,0
238,56,21,0
239,56,20,0
240,56,19,0
241,56,18,0
242,56,17,0
243,56,16,0
244,56,15,0
245,55,14,0
246,54,13,0
247,53,12,0
248,52,12,0
249,51,12,0
250,50,11,0
251,49,10,0
252,48,10,0
253,47,10,0
254,46,10,0
255,45,10,0
256,44,10,0
257,43,10,0
258,42,10,0
259,41,9,0
260,40,9,0
261,39,9,0
262,38,9,0
263,37,9,0
264,36,9,0
265,35,9,0
266,34,9,0
