,0,1,cont
0,33,9,0
1,32,10,0
2,31,10,0
3,30,10,0
4,29,10,0
5,28,10,0
6,27,11,0
7,26,11,0
8,25,12,0
9,24,12,0
10,23,12,0
11,22,12,0
12,21,13,0
13,20,14,0
14,19,14,0
15,18,15,0
16,17,16,0
17,16,17,0
18,15,18,0
19,14,19,0
20,13,19,0
21,12,20,0
22,12,21,0
23,11,22,0
24,11,23,0
25,10,24,0
26,10,25,0
27,10,26,0
28,10,27,0
29,10,28,0
30,10,29,0
31,10,30,0
32,10,31,0
33,10,32,0
34,10,33,0
35,10,34,0
36,9,35,0
37,9,36,0
38,9,37,0
39,9,38,0
40,9,39,0
41,9,40,0
42,9,41,0
43,10,42,0
44,10,43,0
45,10,44,0
46,11,45,0
47,11,46,0
48,11,47,0
49,11,48,0
50,12,49,0
51,13,50,0
52,14,51,0
53,15,52,0
54,16,53,0
55,17,54,0
56,18,54,0
57,19,55,0
58,20,55,0
59,21,56,0
60,22,56,0
61,23,57,0
62,24,57,0
63,25,57,0
64,26,57,0
65,27,57,0
66,28,58,0
67,29,58,0
68,30,58,0
69,31,58,0
70,32,58,0
71,33,58,0
72,34,59,0
73,35,59,0
74,36,59,0
75,37,59,0
76,38,59,0
77,39,59,0
78,40,59,0
79,41,58,0
80,42,57,0
81,43,57,0
82,44,56,0
83,45,56,0
84,46,56,0
85,47,56,0
86,48,56,0
87,49,55,0
88,50,54,0
89,51,53,0
90,52,53,0
91,53,52,0
92,54,51,0
93,55,50,0
94,55,49,0
95,55,48,0
96,55,47,0
97,55,46,0
98,55,45,0
99,55,44,0
100,54,43,0
101,54,42,0
102,54,41,0
103,54,40,0
104,54,39,0
105,55,38,0
106,56,37,0
107,57,36,0
108,58,35,0
109,59,34,0
110,59,33,0
111,59,32,0
112,58,31,0
113,57,30,0
114,56,30,0
115,55,30,0
116,54,30,0
117,53,30,0
118,52,30,0
119,51,30,0
120,50,31,0
121,50,32,0
122,50,33,0
123,50,34,0
124,50,35,0
125,50,36,0
126,49,37,0
127,48,36,0
128,47,35,0
129,46,34,0
130,46,33,0
131,45,32,0
132,45,31,0
133,45,30,0
134,44,30,0
135,43,30,0
136,42,30,0
137,41,30,0
138,40,30,0
139,39,30,0
140,38,30,0
141,37,30,0
142,36,30,0
143,35,31,0
144,34,32,0
145,34,33,0
146,34,34,0
147,34,35,0
148,35,36,0
149,36,37,0
150,37,37,0
151,38,37,0
152,39,36,0
153,40,36,0
154,41,37,0
155,42,37,0
156,43,38,0
157,44,39,0
158,44,40,0
159,44,41,0
160,44,42,0
161,44,43,0
162,44,44,0
163,43,45,0
164,43,46,0
165,43,47,0
166,42,48,0
167,41,49,0
168,40,49,0
169,39,50,0
170,38,50,0
171,37,51,0
172,36,51,0
173,35,51,0
174,34,51,0
175,33,51,0
176,32,50,0
177,31,50,0
178,30,49,0
179,29,48,0
180,28,47,0
181,27,47,0
182,26,46,0
183,25,45,0
184,24,44,0
185,23,43,0
186,23,42,0
187,22,41,0
188,22,40,0
189,22,39,0
190,21,38,0
191,21,37,0
192,21,36,0
193,21,35,0
194,20,34,0
195,20,33,0
196,20,32,0
197,20,31,0
198,21,30,0
199,21,29,0
200,21,28,0
201,21,27,0
202,22,26,0
203,22,25,0
204,22,24,0
205,23,23,0
206,24,22,0
207,24,21,0
208,25,20,0
209,25,19,0
210,26,18,0
211,27,18,0
212,28,17,0
213,29,16,0
214,30,16,0
215,31,16,0
216,32,15,0
217,33,15,0
218,34,14,0
219,35,14,0
220,36,14,0
221,37,14,0
222,38,14,0
223,39,14,0
224,40,14,0
225,41,14,0
226,42,14,0
227,43,14,0
228,44,15,0
229,45,15,0
230,46,16,0
231,46,17,0
232,47,18,0
233,47,19,0
234,48,20,0
235,48,21,0
236,48,22,0
237,49,23,0
238,50,23,0
239,51,23,0
240,52,23,0
241,53,22,0
242,54,21,0
243,54,20,0
244,54,19,0
245,54,18,0
246,54,17,0
247,54,16,0
248,54,15,0
249,54,14,0
250,54,13,0
251,53,13,0
252,52,12,0
253,51,11,0
254,50,11,0
255,49,11,0
256,48,11,0
257,47,10,0
258,46,10,0
259,45,10,0
260,44,10,0
261,43,9,0
262,42,9,0
263,41,9,0
264,40,9,0
265,39,9,0
266,38,9,0
267,37,9,0
268,36,9,0
269,35,9,0
270,34,9,0
