,0,1,cont
0,34,9,0
1,33,10,0
2,32,10,0
3,31,10,0
4,30,10,0
5,29,10,0
6,28,10,0
7,27,10,0
8,26,11,0
9,25,12,0
10,24,13,0
11,23,13,0
12,22,14,0
13,21,14,0
14,20,15,0
15,19,16,0
16,18,16,0
17,17,16,0
18,16,17,0
19,15,17,0
20,14,18,0
21,14,19,0
22,13,20,0
23,12,21,0
24,12,22,0
25,12,23,0
26,11,24,0
27,10,25,0
28,10,26,0
29,10,27,0
30,9,28,0
31,9,29,0
32,9,30,0
33,9,31,0
34,9,32,0
35,9,33,0
36,9,34,0
37,9,35,0
38,9,36,0
39,9,37,0
40,9,38,0
41,9,39,0
42,9,40,0
43,9,41,0
44,10,42,0
45,10,43,0
46,10,44,0
47,11,45,0
48,11,46,0
49,12,47,0
50,12,48,0
51,13,49,0
52,14,50,0
53,15,51,0
54,16,52,0
55,16,53,0
56,17,53,0
57,18,53,0
58,19,54,0
59,20,55,0
60,21,56,0
61,22,57,0
62,23,57,0
63,24,57,0
64,25,58,0
65,26,58,0
66,27,58,0
67,28,58,0
68,29,58,0
69,30,58,0
70,31,59,0
71,32,59,0
72,33,59,0
73,34,59,0
74,35,60,0
75,36,60,0
76,37,60,0
77,38,59,0
78,39,59,0
79,40,59,0
80,41,59,0
81,42,58,0
82,43,58,0
83,44,58,0
84,45,57,0
85,46,57,0
86,47,56,0
87,48,56,0
88,49,55,0
89,50,55,0
90,51,55,0
91,52,55,0
92,53,55,0
93,54,54,0
94,54,53,0
95,55,52,0
96,55,51,0
97,55,50,0
98,56,49,0
99,56,48,0
100,56,47,0
101,56,46,0
102,56,45,0
103,55,44,0
104,55,43,0
105,55,42,0
106,55,41,0
107,55,40,0
108,55,39,0
109,55,38,0
110,56,37,0
111,56,36,0
112,57,35,0
113,57,34,0
114,57,33,0
115,57,32,0
116,57,31,0
117,56,31,0
118,55,31,0
119,54,31,0
120,53,31,0
121,52,31,0
122,51,31,0
123,50,31,0
124,49,31,0
125,48,31,0
126,47,30,0
127,46,30,0
128,45,30,0
129,44,30,0
130,43,30,0
131,42,30,0
132,41,29,0
133,40,29,0
134,39,29,0
135,38,29,0
136,37,29,0
137,36,30,0
138,36,31,0
139,36,32,0
140,36,33,0
141,36,34,0
142,36,35,0
143,37,36,0
144,37,37,0
145,38,37,0
146,39,37,0
147,40,37,0
148,41,37,0
149,42,37,0
150,43,36,0
151,44,37,0
152,45,38,0
153,45,39,0
154,45,40,0
155,45,41,0
156,45,42,0
157,45,43,0
158,46,44,0
159,46,45,0
160,45,46,0
161,44,47,0
162,43,47,0
163,43,48,0
164,43,49,0
165,42,50,0
166,41,51,0
167,40,51,0
168,39,51,0
169,38,51,0
170,37,52,0
171,36,51,0
172,35,51,0
173,34,51,0
174,33,51,0
175,32,51,0
176,31,50,0
177,30,49,0
178,30,48,0
179,29,48,0
180,28,47,0
181,27,46,0
182,26,45,0
183,25,44,0
184,25,43,0
185,24,42,0
186,23,41,0
187,23,40,0
188,22,39,0
189,22,38,0
190,22,37,0
191,22,36,0
192,22,35,0
193,22,34,0
194,22,33,0
195,22,32,0
196,22,31,0
197,22,30,0
198,22,29,0
199,22,28,0
200,22,27,0
201,22,26,0
202,23,25,0
203,23,24,0
204,24,23,0
205,25,22,0
206,26,21,0
207,26,20,0
208,27,19,0
209,28,18,0
210,29,17,0
211,30,17,0
212,31,16,0
213,32,16,0
214,33,15,0
215,34,15,0
216,35,15,0
217,36,15,0
218,37,14,0
219,38,14,0
220,39,14,0
221,40,14,0
222,41,14,0
223,42,15,0
224,43,15,0
225,44,16,0
226,45,17,0
227,46,17,0
228,47,17,0
229,48,18,0
230,48,19,0
231,49,20,0
232,49,21,0
233,49,22,0
234,49,23,0
235,50,23,0
236,51,23,0
237,52,23,0
238,53,23,0
239,53,22,0
240,54,21,0
241,54,20,0
242,54,19,0
243,55,18,0
244,55,17,0
245,55,16,0
246,55,15,0
247,54,15,0
248,53,14,0
249,52,13,0
250,51,12,0
251,50,12,0
252,49,12,0
253,48,12,0
254,47,11,0
255,46,11,0
256,45,10,0
257,44,10,0
258,43,10,0
259,42,10,0
260,41,10,0
261,40,9,0
262,39,9,0
263,38,9,0
264,37,9,0
265,36,9,0
266,35,9,0
