,0,1,cont
0,34,9,0
1,33,10,0
2,32,10,0
3,31,10,0
4,30,10,0
5,29,11,0
6,28,11,0
7,27,12,0
8,26,12,0
9,25,12,0
10,24,12,0
11,23,13,0
12,22,13,0
13,21,14,0
14,20,14,0
15,19,15,0
16,18,16,0
17,17,16,0
18,16,17,0
19,15,18,0
20,14,19,0
21,13,20,0
22,12,21,0
23,12,22,0
24,11,23,0
25,11,24,0
26,10,25,0
27,10,26,0
28,10,27,0
29,10,28,0
30,9,29,0
31,9,30,0
32,9,31,0
33,9,32,0
34,9,33,0
35,9,34,0
36,9,35,0
37,9,36,0
38,9,37,0
39,9,38,0
40,9,39,0
41,9,40,0
42,9,41,0
43,9,42,0
44,9,43,0
45,10,44,0
46,10,45,0
47,11,46,0
48,11,47,0
49,12,48,0
50,13,49,0
51,14,49,0
52,15,50,0
53,16,51,0
54,17,52,0
55,17,53,0
56,18,54,0
57,19,54,0
58,20,55,0
59,21,55,0
60,22,56,0
61,23,57,0
62,24,57,0
63,25,57,0
64,26,58,0
65,27,58,0
66,28,58,0
67,29,58,0
68,30,58,0
69,31,58,0
70,32,58,0
71,33,59,0
72,34,59,0
73,35,59,0
74,36,59,0
75,37,59,0
76,38,59,0
77,39,59,0
78,40,59,0
79,41,59,0
80,42,58,0
81,43,58,0
82,44,57,0
83,45,56,0
84,46,56,0
85,47,56,0
86,48,55,0
87,49,55,0
88,50,54,0
89,51,54,0
90,52,53,0
91,53,52,0
92,54,51,0
93,55,50,0
94,55,49,0
95,55,48,0
96,55,47,0
97,55,46,0
98,55,45,0
99,54,44,0
100,54,43,0
101,54,42,0
102,54,41,0
103,55,40,0
104,55,39,0
105,55,38,0
106,55,37,0
107,56,36,0
108,57,35,0
109,57,34,0
110,57,33,0
111,57,32,0
112,57,31,0
113,56,31,0
114,55,31,0
115,54,31,0
116,53,31,0
117,52,31,0
118,51,31,0
119,50,31,0
120,49,31,0
121,48,31,0
122,47,31,0
123,46,31,0
124,45,31,0
125,44,31,0
126,43,31,0
127,42,31,0
128,41,32,0
129,40,32,0
130,39,31,0
131,39,30,0
132,38,30,0
133,37,30,0
134,36,30,0
135,35,30,0
136,34,31,0
137,34,32,0
138,34,33,0
139,34,34,0
140,34,35,0
141,35,36,0
142,36,37,0
143,37,37,0
144,38,37,0
145,39,37,0
146,40,36,0
147,41,37,0
148,42,37,0
149,43,38,0
150,44,39,0
151,44,40,0
152,44,41,0
153,43,42,0
154,43,43,0
155,43,44,0
156,43,45,0
157,43,46,0
158,44,47,0
159,43,48,0
160,42,49,0
161,41,49,0
162,40,50,0
163,39,50,0
164,38,50,0
165,37,50,0
166,36,50,0
167,35,50,0
168,34,50,0
169,33,49,0
170,32,49,0
171,31,49,0
172,30,49,0
173,29,49,0
174,28,48,0
175,27,48,0
176,26,48,0
177,25,47,0
178,24,46,0
179,23,45,0
180,22,44,0
181,22,43,0
182,22,42,0
183,22,41,0
184,21,40,0
185,21,39,0
186,20,38,0
187,20,37,0
188,19,36,0
189,19,35,0
190,20,34,0
191,20,33,0
192,20,32,0
193,20,31,0
194,21,30,0
195,22,29,0
196,22,28,0
197,23,27,0
198,24,26,0
199,24,25,0
200,25,24,0
201,26,23,0
202,27,22,0
203,28,22,0
204,29,21,0
205,30,20,0
206,30,19,0
207,31,18,0
208,32,18,0
209,33,17,0
210,34,16,0
211,35,15,0
212,36,15,0
213,37,15,0
214,38,15,0
215,39,15,0
216,40,15,0
217,41,16,0
218,42,16,0
219,43,17,0
220,44,17,0
221,45,17,0
222,46,18,0
223,47,19,0
224,48,20,0
225,48,21,0
226,48,22,0
227,49,23,0
228,49,24,0
229,50,24,0
230,51,24,0
231,52,24,0
232,53,23,0
233,54,23,0
234,55,22,0
235,55,21,0
236,55,20,0
237,55,19,0
238,55,18,0
239,55,17,0
240,55,16,0
241,55,15,0
242,54,14,0
243,54,13,0
244,53,13,0
245,52,13,0
246,51,13,0
247,50,12,0
248,50,11,0
249,49,11,0
250,48,11,0
251,47,11,0
252,46,10,0
253,45,10,0
254,44,10,0
255,43,10,0
256,42,9,0
257,41,9,0
258,40,9,0
259,39,9,0
260,38,9,0
261,37,9,0
262,36,9,0
263,35,9,0
