,0,1,cont
0,30,9,0
1,29,10,0
2,28,10,0
3,27,10,0
4,26,11,0
5,25,11,0
6,24,11,0
7,23,12,0
8,22,12,0
9,21,13,0
10,20,14,0
11,19,15,0
12,18,16,0
13,17,16,0
14,16,17,0
15,15,18,0
16,15,19,0
17,14,20,0
18,14,21,0
19,14,22,0
20,13,23,0
21,13,24,0
22,13,25,0
23,12,26,0
24,11,27,0
25,11,28,0
26,11,29,0
27,10,30,0
28,10,31,0
29,10,32,0
30,10,33,0
31,10,34,0
32,10,35,0
33,10,36,0
34,9,37,0
35,9,38,0
36,9,39,0
37,9,40,0
38,10,41,0
39,10,42,0
40,10,43,0
41,10,44,0
42,11,45,0
43,11,46,0
44,12,47,0
45,12,48,0
46,13,49,0
47,13,50,0
48,14,51,0
49,14,52,0
50,15,53,0
51,15,54,0
52,16,55,0
53,17,55,0
54,18,56,0
55,19,56,0
56,20,56,0
57,21,56,0
58,22,57,0
59,23,57,0
60,24,57,0
61,25,57,0
62,26,58,0
63,27,58,0
64,28,59,0
65,29,59,0
66,30,59,0
67,31,59,0
68,32,59,0
69,33,59,0
70,34,59,0
71,35,59,0
72,36,59,0
73,37,60,0
74,38,60,0
75,39,60,0
76,40,60,0
77,41,59,0
78,42,58,0
79,43,58,0
80,44,57,0
81,45,57,0
82,46,57,0
83,47,56,0
84,48,55,0
85,49,55,0
86,50,55,0
87,51,55,0
88,52,55,0
89,53,55,0
90,53,54,0
91,53,53,0
92,54,52,0
93,54,51,0
94,55,50,0
95,55,49,0
96,55,48,0
97,55,47,0
98,55,46,0
99,55,45,0
100,55,44,0
101,55,43,0
102,55,42,0
103,56,41,0
104,56,40,0
105,56,39,0
106,56,38,0
107,57,37,0
108,57,36,0
109,58,35,0
110,58,34,0
111,58,33,0
112,58,32,0
113,57,31,0
114,56,31,0
115,55,31,0
116,54,31,0
117,53,31,0
118,52,31,0
119,51,31,0
120,50,31,0
121,49,31,0
122,48,31,0
123,47,31,0
124,46,31,0
125,45,31,0
126,44,31,0
127,43,31,0
128,42,31,0
129,41,31,0
130,40,31,0
131,39,31,0
132,38,31,0
133,37,31,0
134,36,31,0
135,35,31,0
136,35,32,0
137,34,33,0
138,34,34,0
139,34,35,0
140,35,36,0
141,35,37,0
142,36,38,0
143,37,38,0
144,38,38,0
145,39,38,0
146,40,38,0
147,41,38,0
148,42,39,0
149,43,40,0
150,44,41,0
151,44,42,0
152,44,43,0
153,44,44,0
154,44,45,0
155,44,46,0
156,44,47,0
157,44,48,0
158,43,49,0
159,42,50,0
160,41,51,0
161,40,51,0
162,39,51,0
163,38,51,0
164,37,51,0
165,36,51,0
166,35,51,0
167,34,51,0
168,33,51,0
169,32,50,0
170,31,50,0
171,30,50,0
172,29,49,0
173,28,49,0
174,27,49,0
175,26,48,0
176,25,47,0
177,24,47,0
178,23,46,0
179,22,45,0
180,22,44,0
181,22,43,0
182,22,42,0
183,22,41,0
184,22,40,0
185,22,39,0
186,22,38,0
187,22,37,0
188,22,36,0
189,22,35,0
190,22,34,0
191,22,33,0
192,22,32,0
193,22,31,0
194,22,30,0
195,22,29,0
196,23,28,0
197,24,27,0
198,24,26,0
199,24,25,0
200,25,24,0
201,25,23,0
202,26,22,0
203,27,21,0
204,28,20,0
205,29,19,0
206,30,18,0
207,31,18,0
208,32,17,0
209,33,17,0
210,34,16,0
211,35,15,0
212,36,15,0
213,37,14,0
214,38,14,0
215,39,14,0
216,40,14,0
217,41,15,0
218,42,15,0
219,43,16,0
220,44,16,0
221,45,17,0
222,46,17,0
223,47,18,0
224,47,19,0
225,48,20,0
226,48,21,0
227,48,22,0
228,48,23,0
229,49,24,0
230,49,25,0
231,50,25,0
232,51,25,0
233,52,25,0
234,53,25,0
235,54,24,0
236,54,23,0
237,55,22,0
238,55,21,0
239,55,20,0
240,55,19,0
241,55,18,0
242,55,17,0
243,55,16,0
244,55,15,0
245,55,14,0
246,54,13,0
247,53,13,0
248,52,12,0
249,51,12,0
250,50,11,0
251,49,10,0
252,48,10,0
253,47,10,0
254,46,10,0
255,45,10,0
256,44,10,0
257,43,9,0
258,42,9,0
259,41,9,0
260,40,9,0
261,39,9,0
262,38,9,0
263,37,9,0
264,36,9,0
265,35,9,0
266,34,9,0
267,33,9,0
268,32,9,0
269,31,9,0
