,0,1,cont
0,33,9,0
1,32,10,0
2,31,10,0
3,30,11,0
4,29,11,0
5,28,11,0
6,27,12,0
7,26,13,0
8,25,13,0
9,24,13,0
10,23,14,0
11,22,14,0
12,21,15,0
13,20,15,0
14,19,15,0
15,19,16,0
16,18,17,0
17,17,17,0
18,16,18,0
19,15,19,0
20,14,20,0
21,13,21,0
22,12,22,0
23,12,23,0
24,11,24,0
25,11,25,0
26,11,26,0
27,10,27,0
28,10,28,0
29,10,29,0
30,9,30,0
31,9,31,0
32,9,32,0
33,9,33,0
34,9,34,0
35,9,35,0
36,9,36,0
37,9,37,0
38,9,38,0
39,9,39,0
40,9,40,0
41,9,41,0
42,10,42,0
43,10,43,0
44,10,44,0
45,11,45,0
46,11,46,0
47,11,47,0
48,12,48,0
49,13,49,0
50,14,50,0
51,15,51,0
52,16,52,0
53,16,53,0
54,16,54,0
55,17,55,0
56,18,55,0
57,19,55,0
58,20,55,0
59,21,56,0
60,22,56,0
61,23,57,0
62,24,57,0
63,25,58,0
64,26,58,0
65,27,59,0
66,28,59,0
67,29,59,0
68,30,59,0
69,31,59,0
70,32,59,0
71,33,59,0
72,34,59,0
73,35,59,0
74,36,59,0
75,37,59,0
76,38,58,0
77,39,58,0
78,40,57,0
79,41,57,0
80,42,57,0
81,43,57,0
82,44,57,0
83,45,57,0
84,46,57,0
85,47,56,0
86,48,56,0
87,49,55,0
88,50,55,0
89,51,54,0
90,52,53,0
91,53,52,0
92,54,51,0
93,54,50,0
94,54,49,0
95,54,48,0
96,54,47,0
97,54,46,0
98,54,45,0
99,54,44,0
100,54,43,0
101,54,42,0
102,54,41,0
103,54,40,0
104,54,39,0
105,54,38,0
106,55,37,0
107,56,36,0
108,57,35,0
109,57,34,0
110,57,33,0
111,57,32,0
112,56,31,0
113,55,31,0
114,54,31,0
115,53,31,0
116,52,31,0
117,51,31,0
118,50,31,0
119,49,31,0
120,48,32,0
121,47,32,0
122,46,32,0
123,45,32,0
124,44,32,0
125,43,31,0
126,42,31,0
127,41,31,0
128,40,31,0
129,39,31,0
130,38,31,0
131,37,31,0
132,36,31,0
133,35,32,0
134,35,33,0
135,35,34,0
136,35,35,0
137,36,36,0
138,37,37,0
139,38,37,0
140,39,37,0
141,40,37,0
142,41,36,0
143,42,36,0
144,43,36,0
145,44,37,0
146,45,38,0
147,45,39,0
148,45,40,0
149,45,41,0
150,45,42,0
151,45,43,0
152,45,44,0
153,45,45,0
154,45,46,0
155,45,47,0
156,45,48,0
157,44,49,0
158,43,50,0
159,42,51,0
160,41,52,0
161,40,52,0
162,39,52,0
163,38,52,0
164,37,52,0
165,36,52,0
166,35,52,0
167,34,51,0
168,33,51,0
169,32,51,0
170,31,51,0
171,30,50,0
172,29,50,0
173,28,50,0
174,27,49,0
175,26,49,0
176,25,49,0
177,24,48,0
178,23,47,0
179,22,46,0
180,22,45,0
181,22,44,0
182,22,43,0
183,22,42,0
184,22,41,0
185,21,40,0
186,20,39,0
187,20,38,0
188,20,37,0
189,20,36,0
190,20,35,0
191,19,34,0
192,20,33,0
193,21,32,0
194,22,31,0
195,22,30,0
196,22,29,0
197,23,28,0
198,23,27,0
199,24,26,0
200,24,25,0
201,25,24,0
202,26,23,0
203,27,22,0
204,27,21,0
205,28,20,0
206,29,20,0
207,30,19,0
208,31,18,0
209,32,17,0
210,33,16,0
211,34,15,0
212,35,15,0
213,36,15,0
214,37,15,0
215,38,15,0
216,39,15,0
217,40,15,0
218,41,14,0
219,42,14,0
220,43,15,0
221,44,16,0
222,45,17,0
223,46,17,0
224,47,18,0
225,48,19,0
226,48,20,0
227,49,21,0
228,49,22,0
229,49,23,0
230,49,24,0
231,50,25,0
232,51,25,0
233,52,25,0
234,53,25,0
235,54,24,0
236,55,23,0
237,55,22,0
238,55,21,0
239,55,20,0
240,55,19,0
241,55,18,0
242,55,17,0
243,55,16,0
244,55,15,0
245,54,14,0
246,54,13,0
247,53,12,0
248,52,11,0
249,51,11,0
250,50,11,0
251,49,11,0
252,48,10,0
253,47,10,0
254,46,10,0
255,45,10,0
256,44,10,0
257,43,10,0
258,42,9,0
259,41,9,0
260,40,9,0
261,39,10,0
262,38,10,0
263,37,10,0
264,36,9,0
265,35,9,0
266,34,9,0
