,0,1,cont
0,27,9,0
1,26,10,0
2,25,10,0
3,24,10,0
4,23,10,0
5,22,10,0
6,21,11,0
7,20,11,0
8,19,12,0
9,18,13,0
10,17,13,0
11,16,14,0
12,15,15,0
13,14,16,0
14,14,17,0
15,13,18,0
16,12,18,0
17,12,19,0
18,11,20,0
19,11,21,0
20,10,22,0
21,10,23,0
22,10,24,0
23,9,25,0
24,9,26,0
25,9,27,0
26,9,28,0
27,9,29,0
28,9,30,0
29,9,31,0
30,9,32,0
31,9,33,0
32,9,34,0
33,9,35,0
34,9,36,0
35,9,37,0
36,10,38,0
37,10,39,0
38,10,40,0
39,10,41,0
40,11,42,0
41,11,43,0
42,11,44,0
43,12,45,0
44,13,46,0
45,14,47,0
46,14,48,0
47,15,49,0
48,15,50,0
49,16,50,0
50,17,51,0
51,18,52,0
52,19,53,0
53,20,53,0
54,21,54,0
55,22,54,0
56,23,55,0
57,24,55,0
58,25,55,0
59,26,56,0
60,27,56,0
61,28,56,0
62,29,56,0
63,30,56,0
64,31,56,0
65,32,56,0
66,33,56,0
67,34,56,0
68,35,56,0
69,36,56,0
70,37,56,0
71,38,56,0
72,39,56,0
73,40,56,0
74,41,56,0
75,42,56,0
76,43,56,0
77,44,55,0
78,45,55,0
79,46,55,0
80,47,55,0
81,48,54,0
82,49,54,0
83,50,53,0
84,51,52,0
85,52,51,0
86,52,50,0
87,52,49,0
88,52,48,0
89,52,47,0
90,52,46,0
91,52,45,0
92,52,44,0
93,52,43,0
94,52,42,0
95,52,41,0
96,52,40,0
97,52,39,0
98,53,38,0
99,53,37,0
100,54,36,0
101,54,35,0
102,54,34,0
103,54,33,0
104,54,32,0
105,54,31,0
106,53,30,0
107,52,30,0
108,51,30,0
109,50,30,0
110,49,30,0
111,48,31,0
112,47,30,0
113,46,30,0
114,45,30,0
115,44,30,0
116,43,29,0
117,42,29,0
118,41,29,0
119,40,30,0
120,39,30,0
121,39,31,0
122,39,32,0
123,40,33,0
124,41,34,0
125,42,34,0
126,43,34,0
127,44,35,0
128,45,36,0
129,45,37,0
130,45,38,0
131,45,39,0
132,45,40,0
133,45,41,0
134,45,42,0
135,44,43,0
136,44,44,0
137,44,45,0
138,43,46,0
139,42,47,0
140,42,48,0
141,41,49,0
142,40,50,0
143,39,50,0
144,38,50,0
145,37,51,0
146,36,51,0
147,35,51,0
148,34,51,0
149,33,51,0
150,32,51,0
151,31,51,0
152,30,50,0
153,29,49,0
154,28,49,0
155,27,48,0
156,26,47,0
157,25,46,0
158,25,45,0
159,24,44,0
160,24,43,0
161,23,43,0
162,22,42,0
163,22,41,0
164,22,40,0
165,22,39,0
166,22,38,0
167,21,37,0
168,21,36,0
169,21,35,0
170,21,34,0
171,21,33,0
172,21,32,0
173,21,31,0
174,22,30,0
175,22,29,0
176,22,28,0
177,22,27,0
178,22,26,0
179,22,25,0
180,23,24,0
181,24,23,0
182,24,22,0
183,24,21,0
184,24,20,0
185,25,19,0
186,26,18,0
187,27,17,0
188,28,16,0
189,29,16,0
190,30,15,0
191,31,14,0
192,32,14,0
193,33,13,0
194,34,13,0
195,35,13,0
196,36,13,0
197,37,13,0
198,38,14,0
199,39,14,0
200,40,14,0
201,41,14,0
202,42,15,0
203,43,15,0
204,44,16,0
205,45,17,0
206,46,18,0
207,46,19,0
208,47,20,0
209,48,21,0
210,48,22,0
211,49,23,0
212,50,23,0
213,51,23,0
214,52,23,0
215,53,23,0
216,54,22,0
217,54,21,0
218,54,20,0
219,54,19,0
220,54,18,0
221,54,17,0
222,54,16,0
223,53,15,0
224,53,14,0
225,52,13,0
226,51,12,0
227,50,12,0
228,49,12,0
229,48,12,0
230,47,12,0
231,46,11,0
232,45,11,0
233,44,10,0
234,43,10,0
235,42,10,0
236,41,9,0
237,40,9,0
238,39,9,0
239,38,9,0
240,37,9,0
241,36,9,0
242,35,9,0
243,34,10,0
244,33,10,0
245,32,10,0
246,31,10,0
247,30,9,0
248,29,9,0
249,28,9,0
