,0,1,cont
0,44,10,0
1,43,11,0
2,43,12,0
3,43,13,0
4,44,14,0
5,45,14,0
6,46,15,0
7,47,16,0
8,48,17,0
9,48,18,0
10,49,19,0
11,50,20,0
12,50,21,0
13,50,22,0
14,51,22,0
15,52,22,0
16,53,22,0
17,53,21,0
18,54,20,0
19,54,19,0
20,54,18,0
21,53,17,0
22,53,16,0
23,53,15,0
24,53,14,0
25,52,13,0
26,52,12,0
27,51,12,0
28,50,11,0
29,49,11,0
30,48,10,0
31,47,10,0
32,46,10,0
33,45,10,0
0,30,9,1
1,29,10,1
2,28,10,1
3,27,11,1
4,26,11,1
5,25,11,1
6,24,11,1
7,23,12,1
8,22,13,1
9,21,13,1
10,20,14,1
11,19,14,1
12,18,15,1
13,17,16,1
14,16,17,1
15,15,17,1
16,14,18,1
17,14,19,1
18,13,20,1
19,13,21,1
20,12,22,1
21,12,23,1
22,11,24,1
23,10,25,1
24,10,26,1
25,9,27,1
26,9,28,1
27,9,29,1
28,9,30,1
29,9,31,1
30,9,32,1
31,9,33,1
32,9,34,1
33,9,35,1
34,9,36,1
35,9,37,1
36,9,38,1
37,9,39,1
38,9,40,1
39,10,41,1
40,10,42,1
41,11,43,1
42,11,44,1
43,12,45,1
44,12,46,1
45,12,47,1
46,13,48,1
47,13,49,1
48,14,50,1
49,15,51,1
50,16,52,1
51,17,53,1
52,18,54,1
53,19,54,1
54,20,55,1
55,21,56,1
56,22,56,1
57,23,57,1
58,24,57,1
59,25,57,1
60,26,57,1
61,27,58,1
62,28,58,1
63,29,58,1
64,30,58,1
65,31,59,1
66,32,59,1
67,33,59,1
68,34,59,1
69,35,59,1
70,36,59,1
71,37,59,1
72,38,59,1
73,39,59,1
74,40,58,1
75,41,58,1
76,42,58,1
77,43,58,1
78,44,58,1
79,45,58,1
80,46,57,1
81,47,56,1
82,48,55,1
83,49,54,1
84,50,54,1
85,51,53,1
86,52,53,1
87,53,53,1
88,54,52,1
89,54,51,1
90,54,50,1
91,54,49,1
92,54,48,1
93,54,47,1
94,54,46,1
95,54,45,1
96,54,44,1
97,53,43,1
98,53,42,1
99,53,41,1
100,54,40,1
101,54,39,1
102,55,38,1
103,55,37,1
104,55,36,1
105,55,35,1
106,55,34,1
107,55,33,1
108,54,32,1
109,53,32,1
110,52,32,1
111,51,32,1
112,50,32,1
113,49,32,1
114,48,32,1
115,47,32,1
116,46,32,1
117,45,32,1
118,44,32,1
119,43,31,1
120,42,31,1
121,41,31,1
122,40,31,1
123,39,30,1
124,38,30,1
125,37,30,1
126,36,31,1
127,36,32,1
128,36,33,1
129,36,34,1
130,37,35,1
131,38,36,1
132,39,36,1
133,40,36,1
134,41,36,1
135,42,36,1
136,43,37,1
137,44,37,1
138,45,38,1
139,46,39,1
140,46,40,1
141,46,41,1
142,46,42,1
143,46,43,1
144,46,44,1
145,46,45,1
146,45,46,1
147,45,47,1
148,45,48,1
149,45,49,1
150,44,50,1
151,43,51,1
152,42,51,1
153,41,52,1
154,40,52,1
155,39,51,1
156,38,51,1
157,37,51,1
158,36,51,1
159,35,51,1
160,34,51,1
161,33,51,1
162,32,50,1
163,31,50,1
164,30,49,1
165,29,48,1
166,28,47,1
167,27,46,1
168,26,45,1
169,26,44,1
170,25,43,1
171,24,42,1
172,23,41,1
173,23,40,1
174,23,39,1
175,22,38,1
176,22,37,1
177,22,36,1
178,22,35,1
179,21,34,1
180,22,33,1
181,22,32,1
182,22,31,1
183,22,30,1
184,22,29,1
185,22,28,1
186,22,27,1
187,22,26,1
188,22,25,1
189,23,24,1
190,24,23,1
191,24,22,1
192,24,21,1
193,25,20,1
194,26,20,1
195,26,19,1
196,27,18,1
197,28,17,1
198,28,16,1
199,29,15,1
200,30,15,1
201,31,14,1
202,32,14,1
203,33,14,1
204,34,14,1
205,35,14,1
206,36,14,1
207,37,14,1
208,38,13,1
209,39,13,1
210,40,13,1
211,41,12,1
212,41,11,1
213,41,10,1
214,40,10,1
215,39,10,1
216,38,10,1
217,37,10,1
218,36,10,1
219,35,10,1
220,34,9,1
221,33,9,1
222,32,9,1
223,31,9,1
