,0,1,cont
0,32,9,0
1,31,10,0
2,30,10,0
3,29,11,0
4,28,11,0
5,27,11,0
6,26,11,0
7,25,11,0
8,24,11,0
9,23,12,0
10,22,12,0
11,21,12,0
12,20,13,0
13,19,13,0
14,18,13,0
15,17,13,0
16,16,14,0
17,15,15,0
18,14,16,0
19,13,17,0
20,12,18,0
21,12,19,0
22,11,20,0
23,11,21,0
24,11,22,0
25,10,23,0
26,10,24,0
27,10,25,0
28,10,26,0
29,10,27,0
30,10,28,0
31,9,29,0
32,9,30,0
33,9,31,0
34,9,32,0
35,10,33,0
36,10,34,0
37,10,35,0
38,10,36,0
39,10,37,0
40,11,38,0
41,11,39,0
42,12,40,0
43,12,41,0
44,13,42,0
45,13,43,0
46,13,44,0
47,14,44,0
48,15,45,0
49,15,46,0
50,16,47,0
51,17,48,0
52,18,49,0
53,19,49,0
54,20,49,0
55,21,49,0
56,22,50,0
57,23,50,0
58,24,50,0
59,25,50,0
60,26,51,0
61,27,51,0
62,28,52,0
63,29,52,0
64,30,52,0
65,31,52,0
66,32,52,0
67,33,52,0
68,34,52,0
69,35,52,0
70,36,52,0
71,37,52,0
72,38,52,0
73,39,52,0
74,40,52,0
75,41,52,0
76,42,52,0
77,43,52,0
78,44,51,0
79,45,51,0
80,46,51,0
81,47,51,0
82,48,51,0
83,49,50,0
84,50,50,0
85,51,49,0
86,51,48,0
87,51,47,0
88,51,46,0
89,51,45,0
90,51,44,0
91,51,43,0
92,52,42,0
93,52,41,0
94,52,40,0
95,52,39,0
96,52,38,0
97,52,37,0
98,52,36,0
99,52,35,0
100,52,34,0
101,52,33,0
102,52,32,0
103,51,31,0
104,50,31,0
105,49,31,0
106,48,31,0
107,47,31,0
108,46,31,0
109,45,31,0
110,44,31,0
111,43,32,0
112,42,32,0
113,41,32,0
114,40,32,0
115,40,33,0
116,40,34,0
117,41,35,0
118,42,36,0
119,43,37,0
120,43,38,0
121,43,39,0
122,43,40,0
123,43,41,0
124,43,42,0
125,42,43,0
126,41,44,0
127,41,45,0
128,40,46,0
129,39,47,0
130,38,47,0
131,37,48,0
132,36,48,0
133,35,48,0
134,34,48,0
135,33,48,0
136,32,48,0
137,31,48,0
138,30,48,0
139,29,48,0
140,28,47,0
141,27,46,0
142,26,45,0
143,26,44,0
144,25,43,0
145,24,42,0
146,23,41,0
147,22,40,0
148,22,39,0
149,21,38,0
150,21,37,0
151,21,36,0
152,20,35,0
153,20,34,0
154,19,33,0
155,19,32,0
156,19,31,0
157,19,30,0
158,19,29,0
159,20,28,0
160,20,27,0
161,20,26,0
162,21,25,0
163,21,24,0
164,22,23,0
165,22,22,0
166,23,21,0
167,23,20,0
168,24,19,0
169,25,19,0
170,26,18,0
171,27,17,0
172,28,16,0
173,29,16,0
174,30,15,0
175,31,15,0
176,32,15,0
177,33,15,0
178,34,14,0
179,35,14,0
180,36,15,0
181,37,15,0
182,38,15,0
183,39,16,0
184,40,16,0
185,41,17,0
186,42,17,0
187,43,18,0
188,44,19,0
189,44,20,0
190,45,21,0
191,46,22,0
192,47,23,0
193,48,23,0
194,49,23,0
195,50,23,0
196,50,22,0
197,50,21,0
198,51,20,0
199,51,19,0
200,51,18,0
201,51,17,0
202,51,16,0
203,50,15,0
204,50,14,0
205,49,14,0
206,48,13,0
207,47,13,0
208,46,13,0
209,45,13,0
210,44,12,0
211,43,12,0
212,42,11,0
213,41,11,0
214,40,11,0
215,39,10,0
216,38,10,0
217,37,10,0
218,36,10,0
219,35,9,0
220,34,9,0
221,33,9,0
