,0,1,cont
0,31,9,0
1,30,10,0
2,29,10,0
3,28,10,0
4,27,10,0
5,26,11,0
6,25,11,0
7,24,12,0
8,23,12,0
9,22,13,0
10,21,13,0
11,20,14,0
12,19,14,0
13,18,15,0
14,17,15,0
15,17,16,0
16,16,17,0
17,15,18,0
18,14,19,0
19,14,20,0
20,13,21,0
21,12,22,0
22,12,23,0
23,11,24,0
24,11,25,0
25,11,26,0
26,11,27,0
27,10,28,0
28,10,29,0
29,9,30,0
30,9,31,0
31,9,32,0
32,9,33,0
33,9,34,0
34,9,35,0
35,9,36,0
36,9,37,0
37,10,38,0
38,10,39,0
39,10,40,0
40,10,41,0
41,10,42,0
42,11,43,0
43,11,44,0
44,11,45,0
45,12,46,0
46,12,47,0
47,13,48,0
48,13,49,0
49,14,50,0
50,15,51,0
51,16,52,0
52,17,52,0
53,18,53,0
54,19,54,0
55,20,54,0
56,21,54,0
57,22,55,0
58,23,56,0
59,24,56,0
60,25,57,0
61,26,57,0
62,27,57,0
63,28,57,0
64,29,58,0
65,30,58,0
66,31,58,0
67,32,59,0
68,33,59,0
69,34,59,0
70,35,59,0
71,36,59,0
72,37,58,0
73,38,58,0
74,39,58,0
75,40,58,0
76,41,58,0
77,42,58,0
78,43,57,0
79,44,57,0
80,45,56,0
81,46,56,0
82,47,56,0
83,48,55,0
84,49,55,0
85,50,55,0
86,51,54,0
87,52,53,0
88,53,53,0
89,54,52,0
90,54,51,0
91,55,50,0
92,55,49,0
93,55,48,0
94,55,47,0
95,55,46,0
96,55,45,0
97,55,44,0
98,55,43,0
99,55,42,0
100,55,41,0
101,55,40,0
102,55,39,0
103,55,38,0
104,55,37,0
105,56,36,0
106,57,35,0
107,57,34,0
108,57,33,0
109,57,32,0
110,57,31,0
111,56,30,0
112,55,30,0
113,54,30,0
114,53,30,0
115,52,30,0
116,51,31,0
117,50,30,0
118,49,30,0
119,48,30,0
120,47,30,0
121,46,30,0
122,45,30,0
123,44,30,0
124,43,30,0
125,42,30,0
126,41,30,0
127,40,30,0
128,39,30,0
129,38,30,0
130,37,30,0
131,36,30,0
132,35,31,0
133,35,32,0
134,34,33,0
135,34,34,0
136,34,35,0
137,35,36,0
138,36,37,0
139,37,37,0
140,38,37,0
141,39,37,0
142,40,37,0
143,41,37,0
144,42,37,0
145,43,38,0
146,44,39,0
147,44,40,0
148,44,41,0
149,44,42,0
150,44,43,0
151,44,44,0
152,45,45,0
153,44,46,0
154,44,47,0
155,44,48,0
156,43,49,0
157,42,50,0
158,41,50,0
159,40,51,0
160,39,51,0
161,38,51,0
162,37,51,0
163,36,51,0
164,35,51,0
165,34,51,0
166,33,50,0
167,32,50,0
168,31,50,0
169,30,49,0
170,29,49,0
171,28,48,0
172,27,47,0
173,26,46,0
174,26,45,0
175,25,44,0
176,24,43,0
177,24,42,0
178,24,41,0
179,23,40,0
180,23,39,0
181,23,38,0
182,22,37,0
183,22,36,0
184,22,35,0
185,21,34,0
186,21,33,0
187,22,32,0
188,22,31,0
189,22,30,0
190,22,29,0
191,23,28,0
192,23,27,0
193,24,26,0
194,24,25,0
195,24,24,0
196,25,23,0
197,26,22,0
198,26,21,0
199,27,20,0
200,27,19,0
201,28,18,0
202,29,18,0
203,30,17,0
204,31,16,0
205,32,15,0
206,33,15,0
207,34,14,0
208,35,14,0
209,36,14,0
210,37,14,0
211,38,15,0
212,39,15,0
213,40,15,0
214,41,16,0
215,42,16,0
216,43,16,0
217,44,17,0
218,45,17,0
219,46,18,0
220,47,19,0
221,47,20,0
222,48,21,0
223,49,22,0
224,50,22,0
225,51,22,0
226,52,22,0
227,53,21,0
228,54,20,0
229,54,19,0
230,54,18,0
231,54,17,0
232,54,16,0
233,54,15,0
234,54,14,0
235,54,13,0
236,53,12,0
237,52,12,0
238,51,11,0
239,50,11,0
240,49,11,0
241,48,11,0
242,47,11,0
243,46,11,0
244,45,11,0
245,44,11,0
246,43,11,0
247,42,10,0
248,41,10,0
249,40,10,0
250,39,9,0
251,38,9,0
252,37,9,0
253,36,9,0
254,35,9,0
255,34,9,0
256,33,9,0
257,32,9,0
