,0,1,cont
0,40,9,0
1,39,10,0
2,38,10,0
3,37,10,0
4,36,10,0
5,35,10,0
6,34,10,0
7,33,10,0
8,32,10,0
9,31,10,0
10,30,10,0
11,29,10,0
12,28,10,0
13,27,10,0
14,26,10,0
15,25,10,0
16,24,11,0
17,23,12,0
18,22,12,0
19,21,13,0
20,20,13,0
21,19,13,0
22,18,14,0
23,17,15,0
24,16,16,0
25,15,17,0
26,15,18,0
27,14,19,0
28,13,20,0
29,12,21,0
30,12,22,0
31,12,23,0
32,12,24,0
33,11,25,0
34,10,26,0
35,10,27,0
36,10,28,0
37,10,29,0
38,9,30,0
39,9,31,0
40,9,32,0
41,9,33,0
42,9,34,0
43,9,35,0
44,9,36,0
45,9,37,0
46,9,38,0
47,9,39,0
48,9,40,0
49,9,41,0
50,9,42,0
51,9,43,0
52,10,44,0
53,10,45,0
54,11,46,0
55,12,47,0
56,13,48,0
57,13,49,0
58,14,50,0
59,15,51,0
60,16,52,0
61,17,53,0
62,18,54,0
63,19,55,0
64,20,55,0
65,21,55,0
66,22,55,0
67,23,55,0
68,24,56,0
69,25,56,0
70,26,57,0
71,27,57,0
72,28,57,0
73,29,57,0
74,30,57,0
75,31,57,0
76,32,57,0
77,33,57,0
78,34,57,0
79,35,57,0
80,36,57,0
81,37,57,0
82,38,57,0
83,39,56,0
84,40,56,0
85,41,56,0
86,42,55,0
87,43,55,0
88,44,55,0
89,45,55,0
90,46,54,0
91,47,54,0
92,48,53,0
93,49,53,0
94,50,52,0
95,51,51,0
96,52,50,0
97,53,49,0
98,53,48,0
99,53,47,0
100,53,46,0
101,53,45,0
102,53,44,0
103,54,43,0
104,54,42,0
105,54,41,0
106,54,40,0
107,53,39,0
108,54,38,0
109,54,37,0
110,55,36,0
111,55,35,0
112,56,34,0
113,56,33,0
114,56,32,0
115,56,31,0
116,55,31,0
117,54,31,0
118,53,31,0
119,52,31,0
120,51,31,0
121,50,31,0
122,49,31,0
123,48,31,0
124,47,31,0
125,46,31,0
126,45,31,0
127,44,30,0
128,43,30,0
129,42,30,0
130,41,30,0
131,40,29,0
132,39,29,0
133,38,29,0
134,37,29,0
135,36,29,0
136,35,29,0
137,34,29,0
138,34,30,0
139,34,31,0
140,34,32,0
141,34,33,0
142,34,34,0
143,34,35,0
144,35,36,0
145,36,36,0
146,37,37,0
147,38,37,0
148,39,37,0
149,40,37,0
150,41,37,0
151,42,37,0
152,43,36,0
153,44,37,0
154,44,38,0
155,44,39,0
156,44,40,0
157,44,41,0
158,44,42,0
159,44,43,0
160,44,44,0
161,44,45,0
162,44,46,0
163,44,47,0
164,43,48,0
165,42,49,0
166,41,49,0
167,40,50,0
168,39,50,0
169,38,50,0
170,37,51,0
171,36,51,0
172,35,51,0
173,34,51,0
174,33,51,0
175,32,51,0
176,31,50,0
177,30,50,0
178,29,49,0
179,28,49,0
180,27,48,0
181,26,47,0
182,26,46,0
183,26,45,0
184,25,44,0
185,24,43,0
186,23,42,0
187,22,41,0
188,22,40,0
189,21,39,0
190,21,38,0
191,20,37,0
192,20,36,0
193,20,35,0
194,20,34,0
195,20,33,0
196,20,32,0
197,20,31,0
198,20,30,0
199,20,29,0
200,20,28,0
201,21,27,0
202,21,26,0
203,22,25,0
204,23,24,0
205,23,23,0
206,23,22,0
207,23,21,0
208,24,20,0
209,25,19,0
210,25,18,0
211,26,17,0
212,27,17,0
213,28,16,0
214,29,15,0
215,30,15,0
216,31,15,0
217,32,14,0
218,33,14,0
219,34,13,0
220,35,13,0
221,36,13,0
222,37,13,0
223,38,13,0
224,39,13,0
225,40,13,0
226,41,14,0
227,42,14,0
228,43,15,0
229,44,15,0
230,45,16,0
231,46,17,0
232,46,18,0
233,47,19,0
234,47,20,0
235,47,21,0
236,47,22,0
237,48,22,0
238,49,22,0
239,50,22,0
240,51,22,0
241,52,22,0
242,52,21,0
243,53,20,0
244,53,19,0
245,53,18,0
246,53,17,0
247,53,16,0
248,53,15,0
249,53,14,0
250,53,13,0
251,53,12,0
252,52,12,0
253,51,11,0
254,50,11,0
255,49,11,0
256,48,10,0
257,47,10,0
258,46,10,0
259,45,9,0
260,44,9,0
261,43,9,0
262,42,9,0
263,41,9,0
