,0,1,cont
0,39,9,0
1,38,10,0
2,37,10,0
3,36,10,0
4,35,10,0
5,34,10,0
6,33,10,0
7,32,10,0
8,31,10,0
9,30,10,0
10,29,10,0
11,28,10,0
12,27,11,0
13,26,11,0
14,25,11,0
15,24,12,0
16,23,12,0
17,22,12,0
18,21,13,0
19,20,14,0
20,19,15,0
21,18,15,0
22,17,16,0
23,16,17,0
24,15,18,0
25,14,19,0
26,13,20,0
27,12,21,0
28,12,22,0
29,12,23,0
30,11,24,0
31,11,25,0
32,10,26,0
33,10,27,0
34,10,28,0
35,10,29,0
36,10,30,0
37,10,31,0
38,9,32,0
39,9,33,0
40,9,34,0
41,9,35,0
42,9,36,0
43,9,37,0
44,10,38,0
45,10,39,0
46,10,40,0
47,10,41,0
48,10,42,0
49,10,43,0
50,10,44,0
51,11,45,0
52,12,46,0
53,12,47,0
54,12,48,0
55,13,49,0
56,13,50,0
57,13,51,0
58,14,52,0
59,15,53,0
60,15,54,0
61,15,55,0
62,16,55,0
63,17,56,0
64,18,57,0
65,19,58,0
66,20,59,0
67,21,59,0
68,22,60,0
69,23,61,0
70,24,61,0
71,25,61,0
72,26,61,0
73,27,62,0
74,28,62,0
75,29,62,0
76,30,62,0
77,31,63,0
78,32,63,0
79,33,64,0
80,34,65,0
81,35,65,0
82,36,65,0
83,37,64,0
84,38,64,0
85,39,64,0
86,40,64,0
87,41,63,0
88,42,63,0
89,43,63,0
90,44,63,0
91,45,62,0
92,46,62,0
93,47,62,0
94,48,61,0
95,49,61,0
96,50,61,0
97,51,60,0
98,52,59,0
99,53,59,0
100,54,58,0
101,54,57,0
102,55,56,0
103,55,55,0
104,56,54,0
105,56,53,0
106,56,52,0
107,56,51,0
108,56,50,0
109,56,49,0
110,56,48,0
111,56,47,0
112,56,46,0
113,56,45,0
114,56,44,0
115,56,43,0
116,57,42,0
117,58,42,0
118,59,42,0
119,60,41,0
120,60,40,0
121,60,39,0
122,60,38,0
123,60,37,0
124,60,36,0
125,59,35,0
126,59,34,0
127,58,34,0
128,57,34,0
129,56,33,0
130,55,33,0
131,54,33,0
132,53,33,0
133,52,34,0
134,51,34,0
135,50,34,0
136,49,34,0
137,48,33,0
138,47,33,0
139,46,33,0
140,45,33,0
141,44,33,0
142,43,33,0
143,42,33,0
144,41,33,0
145,40,33,0
146,39,33,0
147,39,34,0
148,39,35,0
149,39,36,0
150,39,37,0
151,39,38,0
152,40,39,0
153,41,40,0
154,42,40,0
155,43,40,0
156,44,40,0
157,45,40,0
158,46,41,0
159,46,42,0
160,46,43,0
161,46,44,0
162,46,45,0
163,46,46,0
164,45,47,0
165,45,48,0
166,45,49,0
167,44,50,0
168,43,51,0
169,43,52,0
170,42,53,0
171,41,54,0
172,40,54,0
173,39,54,0
174,38,54,0
175,37,54,0
176,36,54,0
177,35,54,0
178,34,54,0
179,33,54,0
180,32,53,0
181,31,52,0
182,30,51,0
183,30,50,0
184,29,49,0
185,28,49,0
186,27,48,0
187,27,47,0
188,26,46,0
189,25,45,0
190,24,44,0
191,24,43,0
192,23,42,0
193,23,41,0
194,23,40,0
195,23,39,0
196,23,38,0
197,23,37,0
198,23,36,0
199,23,35,0
200,23,34,0
201,23,33,0
202,23,32,0
203,24,31,0
204,24,30,0
205,25,29,0
206,25,28,0
207,26,27,0
208,26,26,0
209,27,25,0
210,27,24,0
211,28,23,0
212,29,22,0
213,30,21,0
214,31,21,0
215,32,20,0
216,33,19,0
217,34,19,0
218,35,19,0
219,36,19,0
220,37,19,0
221,38,19,0
222,39,19,0
223,40,19,0
224,41,20,0
225,42,20,0
226,43,21,0
227,44,21,0
228,45,22,0
229,46,23,0
230,47,24,0
231,47,25,0
232,47,26,0
233,47,27,0
234,48,28,0
235,49,29,0
236,50,29,0
237,51,30,0
238,52,30,0
239,53,30,0
240,54,30,0
241,55,30,0
242,56,30,0
243,57,29,0
244,58,28,0
245,58,27,0
246,58,26,0
247,58,25,0
248,58,24,0
249,58,23,0
250,58,22,0
251,59,21,0
252,59,20,0
253,59,19,0
254,59,18,0
255,58,17,0
256,58,16,0
257,57,15,0
258,56,15,0
259,55,15,0
260,54,14,0
261,53,14,0
262,52,13,0
263,51,13,0
264,50,13,0
265,49,13,0
266,48,12,0
267,47,11,0
268,46,10,0
269,45,10,0
270,44,9,0
271,43,9,0
272,42,9,0
273,41,9,0
274,40,9,0
