,0,1,cont
0,35,9,0
1,34,10,0
2,33,10,0
3,32,10,0
4,31,11,0
5,30,11,0
6,29,11,0
7,28,11,0
8,27,12,0
9,26,12,0
10,25,12,0
11,24,13,0
12,23,14,0
13,22,15,0
14,21,15,0
15,20,15,0
16,19,16,0
17,18,17,0
18,17,17,0
19,16,18,0
20,15,18,0
21,14,19,0
22,13,20,0
23,12,21,0
24,11,22,0
25,11,23,0
26,10,24,0
27,10,25,0
28,10,26,0
29,10,27,0
30,10,28,0
31,10,29,0
32,9,30,0
33,9,31,0
34,9,32,0
35,9,33,0
36,9,34,0
37,9,35,0
38,9,36,0
39,9,37,0
40,9,38,0
41,9,39,0
42,9,40,0
43,9,41,0
44,9,42,0
45,10,43,0
46,10,44,0
47,10,45,0
48,11,46,0
49,11,47,0
50,12,48,0
51,13,49,0
52,14,50,0
53,15,51,0
54,16,52,0
55,17,53,0
56,18,54,0
57,19,55,0
58,20,56,0
59,21,56,0
60,22,56,0
61,23,57,0
62,24,58,0
63,25,58,0
64,26,58,0
65,27,58,0
66,28,59,0
67,29,59,0
68,30,59,0
69,31,60,0
70,32,60,0
71,33,60,0
72,34,60,0
73,35,60,0
74,36,60,0
75,37,60,0
76,38,59,0
77,39,59,0
78,40,59,0
79,41,59,0
80,42,59,0
81,43,58,0
82,44,58,0
83,45,58,0
84,46,57,0
85,47,57,0
86,48,56,0
87,49,56,0
88,50,55,0
89,51,55,0
90,52,54,0
91,53,53,0
92,54,52,0
93,55,51,0
94,55,50,0
95,55,49,0
96,55,48,0
97,55,47,0
98,55,46,0
99,55,45,0
100,55,44,0
101,55,43,0
102,55,42,0
103,55,41,0
104,55,40,0
105,56,39,0
106,56,38,0
107,57,37,0
108,58,37,0
109,59,36,0
110,59,35,0
111,59,34,0
112,59,33,0
113,58,33,0
114,57,33,0
115,56,33,0
116,55,33,0
117,54,33,0
118,53,33,0
119,52,33,0
120,51,33,0
121,50,32,0
122,49,32,0
123,48,32,0
124,47,32,0
125,46,32,0
126,45,32,0
127,44,32,0
128,43,32,0
129,42,32,0
130,41,32,0
131,40,31,0
132,39,31,0
133,38,31,0
134,37,31,0
135,36,31,0
136,35,32,0
137,35,33,0
138,35,34,0
139,35,35,0
140,35,36,0
141,36,37,0
142,37,37,0
143,38,37,0
144,39,37,0
145,40,38,0
146,41,38,0
147,42,38,0
148,43,38,0
149,44,39,0
150,44,40,0
151,45,41,0
152,45,42,0
153,45,43,0
154,45,44,0
155,45,45,0
156,45,46,0
157,44,47,0
158,44,48,0
159,44,49,0
160,44,50,0
161,43,51,0
162,42,52,0
163,41,52,0
164,40,53,0
165,39,53,0
166,38,53,0
167,37,53,0
168,36,53,0
169,35,53,0
170,34,52,0
171,33,52,0
172,32,52,0
173,31,51,0
174,30,51,0
175,29,50,0
176,28,49,0
177,27,48,0
178,26,47,0
179,25,46,0
180,24,45,0
181,23,44,0
182,23,43,0
183,23,42,0
184,22,41,0
185,22,40,0
186,21,39,0
187,21,38,0
188,21,37,0
189,21,36,0
190,21,35,0
191,21,34,0
192,21,33,0
193,22,32,0
194,22,31,0
195,22,30,0
196,23,29,0
197,23,28,0
198,24,27,0
199,24,26,0
200,24,25,0
201,25,24,0
202,26,23,0
203,27,22,0
204,28,21,0
205,28,20,0
206,29,19,0
207,30,19,0
208,31,19,0
209,32,18,0
210,33,18,0
211,34,17,0
212,35,17,0
213,36,17,0
214,37,16,0
215,38,16,0
216,39,15,0
217,40,15,0
218,41,15,0
219,42,16,0
220,43,17,0
221,44,17,0
222,45,18,0
223,46,19,0
224,47,19,0
225,48,19,0
226,49,20,0
227,49,21,0
228,49,22,0
229,49,23,0
230,49,24,0
231,50,25,0
232,51,25,0
233,52,25,0
234,53,25,0
235,54,25,0
236,55,24,0
237,55,23,0
238,55,22,0
239,55,21,0
240,56,20,0
241,56,19,0
242,56,18,0
243,56,17,0
244,56,16,0
245,55,15,0
246,55,14,0
247,54,14,0
248,53,13,0
249,53,12,0
250,52,11,0
251,51,11,0
252,50,11,0
253,49,10,0
254,48,10,0
255,47,9,0
256,46,9,0
257,45,9,0
258,44,9,0
259,43,9,0
260,42,10,0
261,41,10,0
262,40,10,0
263,39,10,0
264,38,9,0
265,37,9,0
266,36,9,0
