,0,1,cont
0,31,9,0
1,30,10,0
2,29,10,0
3,28,10,0
4,27,10,0
5,26,10,0
6,25,11,0
7,24,12,0
8,23,12,0
9,22,13,0
10,21,14,0
11,20,14,0
12,19,15,0
13,18,15,0
14,17,16,0
15,16,17,0
16,15,18,0
17,14,19,0
18,14,20,0
19,13,21,0
20,12,22,0
21,11,23,0
22,11,24,0
23,10,25,0
24,10,26,0
25,10,27,0
26,10,28,0
27,10,29,0
28,10,30,0
29,10,31,0
30,10,32,0
31,10,33,0
32,10,34,0
33,10,35,0
34,10,36,0
35,9,37,0
36,9,38,0
37,9,39,0
38,10,40,0
39,10,41,0
40,10,42,0
41,10,43,0
42,11,44,0
43,11,45,0
44,12,46,0
45,13,47,0
46,13,48,0
47,14,49,0
48,15,50,0
49,16,51,0
50,17,52,0
51,18,53,0
52,19,54,0
53,20,54,0
54,21,54,0
55,22,55,0
56,23,55,0
57,24,56,0
58,25,56,0
59,26,56,0
60,27,56,0
61,28,57,0
62,29,57,0
63,30,58,0
64,31,58,0
65,32,58,0
66,33,58,0
67,34,58,0
68,35,58,0
69,36,58,0
70,37,57,0
71,38,57,0
72,39,57,0
73,40,57,0
74,41,57,0
75,42,57,0
76,43,56,0
77,44,56,0
78,45,56,0
79,46,56,0
80,47,55,0
81,48,55,0
82,49,55,0
83,50,55,0
84,51,54,0
85,52,54,0
86,53,53,0
87,54,53,0
88,55,52,0
89,55,51,0
90,55,50,0
91,55,49,0
92,55,48,0
93,55,47,0
94,55,46,0
95,56,45,0
96,56,44,0
97,56,43,0
98,56,42,0
99,56,41,0
100,56,40,0
101,56,39,0
102,56,38,0
103,57,37,0
104,58,36,0
105,59,35,0
106,59,34,0
107,59,33,0
108,59,32,0
109,59,31,0
110,58,31,0
111,57,30,0
112,56,30,0
113,55,30,0
114,54,30,0
115,53,30,0
116,52,30,0
117,51,30,0
118,50,30,0
119,49,30,0
120,48,30,0
121,47,30,0
122,46,30,0
123,45,30,0
124,44,30,0
125,43,29,0
126,42,29,0
127,41,29,0
128,40,29,0
129,39,29,0
130,38,29,0
131,37,29,0
132,36,29,0
133,36,30,0
134,36,31,0
135,36,32,0
136,36,33,0
137,36,34,0
138,37,35,0
139,38,35,0
140,39,35,0
141,40,35,0
142,41,36,0
143,42,37,0
144,43,38,0
145,44,39,0
146,44,40,0
147,44,41,0
148,44,42,0
149,44,43,0
150,44,44,0
151,44,45,0
152,44,46,0
153,44,47,0
154,43,48,0
155,42,49,0
156,41,50,0
157,40,51,0
158,39,51,0
159,38,51,0
160,37,51,0
161,36,51,0
162,35,50,0
163,34,50,0
164,33,50,0
165,32,50,0
166,31,49,0
167,30,49,0
168,29,48,0
169,28,47,0
170,27,46,0
171,26,45,0
172,25,44,0
173,24,43,0
174,24,42,0
175,23,41,0
176,23,40,0
177,22,39,0
178,22,38,0
179,22,37,0
180,22,36,0
181,22,35,0
182,22,34,0
183,22,33,0
184,22,32,0
185,22,31,0
186,22,30,0
187,23,29,0
188,23,28,0
189,23,27,0
190,23,26,0
191,24,25,0
192,25,24,0
193,25,23,0
194,26,22,0
195,26,21,0
196,27,20,0
197,28,19,0
198,29,18,0
199,30,17,0
200,31,16,0
201,32,16,0
202,33,15,0
203,34,15,0
204,35,14,0
205,36,14,0
206,37,14,0
207,38,14,0
208,39,14,0
209,40,14,0
210,41,14,0
211,42,14,0
212,43,14,0
213,44,14,0
214,45,15,0
215,46,15,0
216,47,16,0
217,47,17,0
218,48,18,0
219,48,19,0
220,49,20,0
221,49,21,0
222,49,22,0
223,50,23,0
224,51,24,0
225,52,24,0
226,53,24,0
227,54,24,0
228,55,23,0
229,55,22,0
230,55,21,0
231,55,20,0
232,56,19,0
233,56,18,0
234,56,17,0
235,55,16,0
236,55,15,0
237,54,14,0
238,53,13,0
239,52,12,0
240,51,11,0
241,50,11,0
242,49,11,0
243,48,10,0
244,47,10,0
245,46,10,0
246,45,10,0
247,44,10,0
248,43,10,0
249,42,10,0
250,41,9,0
251,40,9,0
252,39,9,0
253,38,9,0
254,37,9,0
255,36,9,0
256,35,9,0
257,34,9,0
258,33,9,0
259,32,9,0
