,0,1,cont
0,35,9,0
1,34,10,0
2,33,10,0
3,32,10,0
4,31,10,0
5,30,10,0
6,29,11,0
7,28,11,0
8,27,12,0
9,26,12,0
10,25,12,0
11,24,12,0
12,23,12,0
13,22,13,0
14,21,13,0
15,20,14,0
16,19,14,0
17,18,15,0
18,18,16,0
19,17,17,0
20,16,18,0
21,15,19,0
22,14,20,0
23,14,21,0
24,14,22,0
25,13,23,0
26,12,24,0
27,12,25,0
28,12,26,0
29,11,27,0
30,11,28,0
31,11,29,0
32,11,30,0
33,10,31,0
34,10,32,0
35,10,33,0
36,10,34,0
37,10,35,0
38,9,36,0
39,9,37,0
40,9,38,0
41,9,39,0
42,9,40,0
43,10,41,0
44,10,42,0
45,10,43,0
46,11,44,0
47,11,45,0
48,11,46,0
49,12,47,0
50,13,48,0
51,13,49,0
52,14,50,0
53,14,51,0
54,15,52,0
55,16,53,0
56,17,54,0
57,18,54,0
58,19,55,0
59,20,55,0
60,21,55,0
61,22,56,0
62,23,56,0
63,24,57,0
64,25,57,0
65,26,58,0
66,27,58,0
67,28,58,0
68,29,58,0
69,30,58,0
70,31,59,0
71,32,59,0
72,33,59,0
73,34,59,0
74,35,59,0
75,36,58,0
76,37,58,0
77,38,57,0
78,39,57,0
79,40,57,0
80,41,57,0
81,42,56,0
82,43,56,0
83,44,56,0
84,45,55,0
85,46,55,0
86,47,54,0
87,48,54,0
88,49,53,0
89,50,52,0
90,50,51,0
91,50,50,0
92,51,49,0
93,51,48,0
94,51,47,0
95,51,46,0
96,51,45,0
97,51,44,0
98,51,43,0
99,51,42,0
100,51,41,0
101,51,40,0
102,51,39,0
103,51,38,0
104,51,37,0
105,51,36,0
106,52,35,0
107,53,34,0
108,53,33,0
109,53,32,0
110,53,31,0
111,52,31,0
112,51,31,0
113,50,31,0
114,49,31,0
115,48,31,0
116,47,31,0
117,46,30,0
118,45,30,0
119,44,30,0
120,43,30,0
121,42,30,0
122,41,30,0
123,40,29,0
124,39,29,0
125,38,29,0
126,37,29,0
127,36,29,0
128,35,29,0
129,34,29,0
130,33,30,0
131,32,30,0
132,32,31,0
133,32,32,0
134,32,33,0
135,32,34,0
136,32,35,0
137,32,36,0
138,33,37,0
139,34,37,0
140,35,37,0
141,36,37,0
142,37,37,0
143,38,37,0
144,39,37,0
145,40,38,0
146,40,39,0
147,40,40,0
148,40,41,0
149,40,42,0
150,40,43,0
151,40,44,0
152,40,45,0
153,40,46,0
154,39,47,0
155,38,48,0
156,37,49,0
157,36,49,0
158,35,50,0
159,34,50,0
160,33,50,0
161,32,50,0
162,31,50,0
163,30,50,0
164,29,49,0
165,28,48,0
166,28,47,0
167,27,46,0
168,26,45,0
169,25,44,0
170,25,43,0
171,25,42,0
172,24,42,0
173,23,41,0
174,22,40,0
175,22,39,0
176,22,38,0
177,22,37,0
178,22,36,0
179,22,35,0
180,21,34,0
181,21,33,0
182,21,32,0
183,22,31,0
184,22,30,0
185,22,29,0
186,23,28,0
187,23,27,0
188,23,26,0
189,23,25,0
190,24,24,0
191,25,23,0
192,26,22,0
193,26,21,0
194,27,20,0
195,27,19,0
196,28,18,0
197,29,18,0
198,30,18,0
199,31,18,0
200,32,18,0
201,33,17,0
202,34,17,0
203,35,17,0
204,36,17,0
205,37,16,0
206,38,16,0
207,39,16,0
208,40,16,0
209,41,16,0
210,42,17,0
211,43,18,0
212,43,19,0
213,43,20,0
214,43,21,0
215,44,22,0
216,44,23,0
217,44,24,0
218,45,24,0
219,46,24,0
220,47,24,0
221,48,24,0
222,49,23,0
223,49,22,0
224,49,21,0
225,50,20,0
226,50,19,0
227,50,18,0
228,51,17,0
229,51,16,0
230,51,15,0
231,50,14,0
232,50,13,0
233,49,12,0
234,48,12,0
235,47,12,0
236,46,11,0
237,45,11,0
238,44,10,0
239,43,10,0
240,42,10,0
241,41,10,0
242,40,9,0
243,39,9,0
244,38,9,0
245,37,9,0
246,36,9,0
