,0,1,cont
0,43,25,0
1,43,26,0
2,43,27,0
3,44,28,0
4,44,29,0
5,44,30,0
6,44,31,0
7,44,32,0
8,45,33,0
9,46,33,0
10,47,33,0
11,47,32,0
12,47,31,0
13,47,30,0
14,47,29,0
15,47,28,0
16,47,27,0
17,47,26,0
18,46,25,0
19,45,25,0
20,44,25,0
0,34,9,1
1,33,10,1
2,32,10,1
3,31,11,1
4,30,11,1
5,29,12,1
6,28,12,1
7,27,13,1
8,26,13,1
9,25,13,1
10,24,13,1
11,23,14,1
12,22,15,1
13,21,15,1
14,20,16,1
15,19,16,1
16,18,17,1
17,17,18,1
18,16,19,1
19,15,20,1
20,14,21,1
21,14,22,1
22,13,23,1
23,12,24,1
24,12,25,1
25,11,26,1
26,11,27,1
27,11,28,1
28,11,29,1
29,11,30,1
30,10,31,1
31,10,32,1
32,10,33,1
33,10,34,1
34,11,35,1
35,10,36,1
36,10,37,1
37,10,38,1
38,10,39,1
39,10,40,1
40,10,41,1
41,10,42,1
42,9,43,1
43,9,44,1
44,9,45,1
45,9,46,1
46,10,47,1
47,11,47,1
48,12,48,1
49,13,49,1
50,13,50,1
51,14,51,1
52,15,52,1
53,16,53,1
54,17,54,1
55,18,55,1
56,19,56,1
57,20,57,1
58,21,57,1
59,22,58,1
60,23,58,1
61,24,58,1
62,25,58,1
63,26,59,1
64,27,60,1
65,28,60,1
66,29,60,1
67,30,60,1
68,31,60,1
69,32,61,1
70,33,61,1
71,34,61,1
72,35,61,1
73,36,61,1
74,37,61,1
75,38,61,1
76,39,61,1
77,40,62,1
78,41,62,1
79,42,62,1
80,43,61,1
81,44,62,1
82,45,62,1
83,46,62,1
84,47,62,1
85,48,61,1
86,49,60,1
87,50,59,1
88,51,59,1
89,52,59,1
90,53,58,1
91,53,57,1
92,53,56,1
93,54,55,1
94,54,54,1
95,54,53,1
96,54,52,1
97,55,51,1
98,55,50,1
99,55,49,1
100,55,48,1
101,55,47,1
102,55,46,1
103,55,45,1
104,55,44,1
105,55,43,1
106,56,42,1
107,56,41,1
108,56,40,1
109,56,39,1
110,55,38,1
111,55,37,1
112,54,36,1
113,53,36,1
114,52,36,1
115,51,36,1
116,50,36,1
117,49,36,1
118,48,36,1
119,47,36,1
120,46,36,1
121,45,36,1
122,44,36,1
123,43,36,1
124,42,36,1
125,41,36,1
126,40,36,1
127,39,37,1
128,39,38,1
129,39,39,1
130,39,40,1
131,40,41,1
132,41,42,1
133,42,43,1
134,42,44,1
135,42,45,1
136,41,46,1
137,40,47,1
138,40,48,1
139,40,49,1
140,41,50,1
141,42,51,1
142,42,52,1
143,41,53,1
144,40,53,1
145,39,53,1
146,38,54,1
147,37,55,1
148,36,55,1
149,35,55,1
150,34,55,1
151,33,54,1
152,32,54,1
153,31,54,1
154,30,54,1
155,29,54,1
156,28,53,1
157,27,52,1
158,26,51,1
159,25,50,1
160,25,49,1
161,24,48,1
162,24,47,1
163,24,46,1
164,23,45,1
165,23,44,1
166,23,43,1
167,23,42,1
168,22,41,1
169,22,40,1
170,22,39,1
171,22,38,1
172,22,37,1
173,22,36,1
174,22,35,1
175,22,34,1
176,22,33,1
177,22,32,1
178,22,31,1
179,22,30,1
180,22,29,1
181,22,28,1
182,23,27,1
183,23,26,1
184,24,25,1
185,24,24,1
186,25,23,1
187,26,22,1
188,27,23,1
189,27,24,1
190,27,25,1
191,26,26,1
192,26,27,1
193,26,28,1
194,26,29,1
195,27,30,1
196,27,31,1
197,28,31,1
198,29,31,1
199,29,30,1
200,30,29,1
201,30,28,1
202,31,27,1
203,31,26,1
204,31,25,1
205,31,24,1
206,31,23,1
207,30,23,1
208,29,23,1
209,28,22,1
210,29,21,1
211,30,20,1
212,31,19,1
213,32,18,1
214,33,18,1
215,34,18,1
216,35,18,1
217,36,18,1
218,37,18,1
219,38,18,1
220,39,18,1
221,40,19,1
222,41,20,1
223,42,20,1
224,43,20,1
225,44,20,1
226,45,21,1
227,46,22,1
228,47,23,1
229,48,24,1
230,49,25,1
231,50,26,1
232,51,26,1
233,52,26,1
234,53,26,1
235,54,25,1
236,55,25,1
237,56,24,1
238,56,23,1
239,56,22,1
240,56,21,1
241,56,20,1
242,56,19,1
243,56,18,1
244,56,17,1
245,55,16,1
246,55,15,1
247,54,14,1
248,53,13,1
249,52,12,1
250,51,12,1
251,50,11,1
252,49,11,1
253,48,11,1
254,47,11,1
255,46,11,1
256,45,11,1
257,44,11,1
258,43,10,1
259,42,10,1
260,41,9,1
261,40,9,1
262,39,9,1
263,38,9,1
264,37,9,1
265,36,9,1
266,35,9,1
