,0,1,cont
0,31,9,0
1,30,10,0
2,29,10,0
3,28,10,0
4,27,10,0
5,26,10,0
6,25,11,0
7,24,12,0
8,23,12,0
9,22,12,0
10,21,13,0
11,20,13,0
12,19,14,0
13,18,15,0
14,17,16,0
15,16,17,0
16,15,18,0
17,14,19,0
18,13,20,0
19,13,21,0
20,12,22,0
21,11,23,0
22,11,24,0
23,11,25,0
24,10,26,0
25,10,27,0
26,10,28,0
27,9,29,0
28,9,30,0
29,9,31,0
30,9,32,0
31,9,33,0
32,9,34,0
33,9,35,0
34,9,36,0
35,9,37,0
36,9,38,0
37,9,39,0
38,10,40,0
39,10,41,0
40,10,42,0
41,10,43,0
42,10,44,0
43,11,45,0
44,11,46,0
45,11,47,0
46,12,48,0
47,12,49,0
48,13,50,0
49,14,51,0
50,15,52,0
51,16,53,0
52,17,53,0
53,18,54,0
54,19,55,0
55,20,55,0
56,21,55,0
57,22,55,0
58,23,56,0
59,24,57,0
60,25,57,0
61,26,57,0
62,27,57,0
63,28,57,0
64,29,58,0
65,30,58,0
66,31,58,0
67,32,59,0
68,33,59,0
69,34,59,0
70,35,59,0
71,36,59,0
72,37,58,0
73,38,58,0
74,39,58,0
75,40,58,0
76,41,58,0
77,42,58,0
78,43,58,0
79,44,58,0
80,45,57,0
81,46,57,0
82,47,56,0
83,48,56,0
84,49,56,0
85,50,55,0
86,51,54,0
87,52,53,0
88,53,52,0
89,54,51,0
90,54,50,0
91,54,49,0
92,54,48,0
93,54,47,0
94,54,46,0
95,54,45,0
96,54,44,0
97,54,43,0
98,54,42,0
99,54,41,0
100,54,40,0
101,54,39,0
102,55,38,0
103,55,37,0
104,56,36,0
105,56,35,0
106,56,34,0
107,56,33,0
108,55,33,0
109,54,33,0
110,53,33,0
111,52,33,0
112,51,33,0
113,50,33,0
114,49,33,0
115,48,32,0
116,47,32,0
117,46,32,0
118,45,32,0
119,44,32,0
120,43,31,0
121,42,31,0
122,41,31,0
123,40,31,0
124,39,31,0
125,38,31,0
126,37,31,0
127,36,31,0
128,36,32,0
129,35,33,0
130,35,34,0
131,35,35,0
132,36,36,0
133,37,37,0
134,38,37,0
135,39,37,0
136,40,37,0
137,41,37,0
138,42,36,0
139,43,37,0
140,44,37,0
141,45,38,0
142,45,39,0
143,46,40,0
144,46,41,0
145,46,42,0
146,46,43,0
147,45,44,0
148,45,45,0
149,45,46,0
150,45,47,0
151,45,48,0
152,45,49,0
153,44,50,0
154,43,50,0
155,42,51,0
156,41,52,0
157,40,52,0
158,39,52,0
159,38,52,0
160,37,52,0
161,36,52,0
162,35,52,0
163,34,52,0
164,33,53,0
165,32,52,0
166,31,52,0
167,30,51,0
168,29,50,0
169,28,49,0
170,27,48,0
171,26,47,0
172,25,46,0
173,24,45,0
174,23,44,0
175,23,43,0
176,23,42,0
177,23,41,0
178,22,40,0
179,21,39,0
180,21,38,0
181,21,37,0
182,21,36,0
183,21,35,0
184,21,34,0
185,21,33,0
186,21,32,0
187,21,31,0
188,22,30,0
189,22,29,0
190,22,28,0
191,22,27,0
192,23,26,0
193,23,25,0
194,23,24,0
195,23,23,0
196,23,22,0
197,24,21,0
198,25,21,0
199,26,20,0
200,26,19,0
201,27,18,0
202,28,17,0
203,29,16,0
204,30,15,0
205,31,14,0
206,32,14,0
207,33,13,0
208,34,13,0
209,35,13,0
210,36,14,0
211,37,14,0
212,38,14,0
213,39,13,0
214,40,13,0
215,41,13,0
216,42,14,0
217,43,14,0
218,44,14,0
219,45,14,0
220,46,15,0
221,47,15,0
222,48,16,0
223,48,17,0
224,48,18,0
225,49,19,0
226,49,20,0
227,49,21,0
228,49,22,0
229,50,22,0
230,51,22,0
231,52,22,0
232,53,22,0
233,53,21,0
234,54,20,0
235,54,19,0
236,54,18,0
237,54,17,0
238,54,16,0
239,53,15,0
240,53,14,0
241,52,13,0
242,51,12,0
243,50,12,0
244,49,12,0
245,48,11,0
246,47,11,0
247,46,11,0
248,45,11,0
249,44,10,0
250,43,10,0
251,42,10,0
252,41,10,0
253,40,10,0
254,39,11,0
255,38,10,0
256,37,10,0
257,36,9,0
258,35,9,0
259,34,9,0
260,33,9,0
261,32,9,0
