,0,1,cont
0,37,31,0
1,36,32,0
2,36,33,0
3,36,34,0
4,36,35,0
5,36,36,0
6,37,36,0
7,38,36,0
8,39,36,0
9,40,36,0
10,41,37,0
11,42,37,0
12,43,37,0
13,44,38,0
14,44,39,0
15,45,40,0
16,45,41,0
17,45,42,0
18,45,43,0
19,45,44,0
20,44,45,0
21,44,46,0
22,44,47,0
23,43,48,0
24,43,49,0
25,42,50,0
26,41,51,0
27,40,52,0
28,39,52,0
29,38,52,0
30,37,53,0
31,36,53,0
32,35,53,0
33,34,53,0
34,33,53,0
35,32,53,0
36,31,52,0
37,30,52,0
38,29,51,0
39,29,50,0
40,28,49,0
41,27,48,0
42,26,48,0
43,25,47,0
44,24,47,0
45,23,46,0
46,22,46,0
47,21,46,0
48,20,46,0
49,19,47,0
50,18,48,0
51,17,49,0
52,17,50,0
53,16,51,0
54,16,52,0
55,16,53,0
56,16,54,0
57,16,55,0
58,17,56,0
59,17,57,0
60,18,57,0
61,19,58,0
62,20,58,0
63,21,58,0
64,22,58,0
65,23,59,0
66,23,60,0
67,24,60,0
68,25,60,0
69,26,60,0
70,27,60,0
71,28,59,0
72,28,58,0
73,29,57,0
74,30,58,0
75,31,58,0
76,32,58,0
77,33,58,0
78,34,58,0
79,35,58,0
80,36,58,0
81,37,58,0
82,38,58,0
83,39,58,0
84,40,58,0
85,41,58,0
86,42,58,0
87,43,58,0
88,44,57,0
89,45,57,0
90,46,57,0
91,47,57,0
92,48,56,0
93,49,56,0
94,50,56,0
95,51,55,0
96,52,55,0
97,52,54,0
98,53,53,0
99,53,52,0
100,53,51,0
101,54,50,0
102,54,49,0
103,54,48,0
104,54,47,0
105,54,46,0
106,54,45,0
107,54,44,0
108,54,43,0
109,54,42,0
110,54,41,0
111,54,40,0
112,54,39,0
113,55,38,0
114,56,37,0
115,57,36,0
116,58,35,0
117,58,34,0
118,58,33,0
119,57,33,0
120,56,33,0
121,55,32,0
122,54,32,0
123,53,32,0
124,52,32,0
125,51,32,0
126,50,32,0
127,49,32,0
128,48,32,0
129,47,32,0
130,46,32,0
131,45,32,0
132,44,31,0
133,43,31,0
134,42,31,0
135,41,31,0
136,40,31,0
137,39,31,0
138,38,31,0
0,34,9,1
1,33,10,1
2,32,10,1
3,31,10,1
4,30,10,1
5,29,10,1
6,28,10,1
7,27,10,1
8,26,11,1
9,25,11,1
10,24,12,1
11,23,13,1
12,22,14,1
13,21,14,1
14,20,14,1
15,19,15,1
16,18,15,1
17,17,16,1
18,16,17,1
19,15,18,1
20,15,19,1
21,14,20,1
22,13,21,1
23,13,22,1
24,12,23,1
25,12,24,1
26,11,25,1
27,10,26,1
28,10,27,1
29,10,28,1
30,9,29,1
31,9,30,1
32,9,31,1
33,9,32,1
34,9,33,1
35,9,34,1
36,9,35,1
37,9,36,1
38,9,37,1
39,9,38,1
40,9,39,1
41,9,40,1
42,9,41,1
43,9,42,1
44,10,43,1
45,10,44,1
46,10,45,1
47,10,46,1
48,10,47,1
49,11,47,1
50,12,47,1
51,13,47,1
52,13,46,1
53,14,45,1
54,15,44,1
55,15,43,1
56,15,42,1
57,16,41,1
58,16,40,1
59,16,39,1
60,16,38,1
61,16,37,1
62,16,36,1
63,17,35,1
64,17,34,1
65,17,33,1
66,18,32,1
67,18,31,1
68,18,30,1
69,18,29,1
70,18,28,1
71,18,27,1
72,18,26,1
73,18,25,1
74,19,24,1
75,20,24,1
76,21,23,1
77,22,23,1
78,23,22,1
79,24,22,1
80,25,21,1
81,25,20,1
82,26,19,1
83,27,18,1
84,28,17,1
85,29,16,1
86,30,16,1
87,31,15,1
88,32,15,1
89,33,14,1
90,34,13,1
91,35,13,1
92,36,13,1
93,37,13,1
94,38,14,1
95,39,14,1
96,40,14,1
97,41,14,1
98,42,14,1
99,43,15,1
100,44,15,1
101,45,16,1
102,46,17,1
103,47,17,1
104,48,18,1
105,48,19,1
106,48,20,1
107,48,21,1
108,49,22,1
109,49,23,1
110,50,24,1
111,51,24,1
112,52,24,1
113,53,24,1
114,53,23,1
115,54,22,1
116,54,21,1
117,54,20,1
118,54,19,1
119,55,18,1
120,55,17,1
121,55,16,1
122,55,15,1
123,55,14,1
124,54,14,1
125,53,13,1
126,52,13,1
127,51,12,1
128,50,12,1
129,49,11,1
130,48,11,1
131,47,11,1
132,46,11,1
133,45,10,1
134,44,10,1
135,43,10,1
136,42,10,1
137,41,10,1
138,40,10,1
139,39,10,1
140,38,10,1
141,37,9,1
142,36,9,1
143,35,9,1
