,0,1,cont
0,30,9,0
1,29,10,0
2,28,10,0
3,27,10,0
4,26,10,0
5,25,11,0
6,24,12,0
7,23,13,0
8,22,13,0
9,21,13,0
10,20,14,0
11,19,15,0
12,18,15,0
13,17,16,0
14,16,17,0
15,15,18,0
16,15,19,0
17,14,20,0
18,14,21,0
19,14,22,0
20,13,23,0
21,12,23,0
22,11,24,0
23,11,25,0
24,10,26,0
25,10,27,0
26,10,28,0
27,10,29,0
28,10,30,0
29,9,31,0
30,9,32,0
31,9,33,0
32,9,34,0
33,9,35,0
34,9,36,0
35,9,37,0
36,9,38,0
37,9,39,0
38,10,40,0
39,10,41,0
40,10,42,0
41,11,43,0
42,11,44,0
43,11,45,0
44,11,46,0
45,11,47,0
46,12,48,0
47,12,49,0
48,13,49,0
49,14,50,0
50,14,51,0
51,15,52,0
52,16,53,0
53,17,54,0
54,18,54,0
55,19,55,0
56,20,55,0
57,21,55,0
58,22,55,0
59,23,56,0
60,24,56,0
61,25,56,0
62,26,56,0
63,27,56,0
64,28,57,0
65,29,57,0
66,30,57,0
67,31,57,0
68,32,57,0
69,33,57,0
70,34,57,0
71,35,57,0
72,36,58,0
73,37,58,0
74,38,58,0
75,39,58,0
76,40,58,0
77,41,57,0
78,42,57,0
79,43,57,0
80,44,57,0
81,45,56,0
82,46,56,0
83,47,55,0
84,48,55,0
85,49,54,0
86,50,54,0
87,51,53,0
88,52,53,0
89,53,52,0
90,54,51,0
91,55,50,0
92,55,49,0
93,55,48,0
94,55,47,0
95,55,46,0
96,55,45,0
97,55,44,0
98,55,43,0
99,55,42,0
100,55,41,0
101,54,40,0
102,54,39,0
103,55,38,0
104,55,37,0
105,56,36,0
106,57,35,0
107,57,34,0
108,57,33,0
109,57,32,0
110,56,31,0
111,55,31,0
112,54,31,0
113,53,31,0
114,52,31,0
115,51,31,0
116,50,31,0
117,49,31,0
118,48,31,0
119,47,31,0
120,46,31,0
121,45,31,0
122,44,31,0
123,43,30,0
124,42,30,0
125,41,30,0
126,40,30,0
127,39,30,0
128,38,30,0
129,37,30,0
130,36,31,0
131,36,32,0
132,36,33,0
133,36,34,0
134,36,35,0
135,36,36,0
136,37,36,0
137,38,37,0
138,39,37,0
139,40,37,0
140,41,37,0
141,42,37,0
142,43,36,0
143,44,37,0
144,45,38,0
145,45,39,0
146,45,40,0
147,45,41,0
148,45,42,0
149,45,43,0
150,45,44,0
151,46,45,0
152,45,46,0
153,44,47,0
154,44,48,0
155,43,49,0
156,42,49,0
157,41,50,0
158,40,50,0
159,39,50,0
160,38,50,0
161,37,50,0
162,36,50,0
163,35,49,0
164,34,49,0
165,33,49,0
166,32,48,0
167,31,48,0
168,30,47,0
169,29,46,0
170,28,45,0
171,27,44,0
172,27,43,0
173,26,42,0
174,25,41,0
175,25,40,0
176,24,39,0
177,24,38,0
178,23,37,0
179,23,36,0
180,22,35,0
181,22,34,0
182,21,33,0
183,20,32,0
184,21,31,0
185,22,31,0
186,23,30,0
187,23,29,0
188,23,28,0
189,24,27,0
190,24,26,0
191,24,25,0
192,24,24,0
193,25,23,0
194,26,22,0
195,27,21,0
196,28,20,0
197,28,19,0
198,29,18,0
199,30,17,0
200,31,16,0
201,32,16,0
202,33,16,0
203,34,15,0
204,35,14,0
205,36,14,0
206,37,13,0
207,38,13,0
208,39,13,0
209,40,13,0
210,41,13,0
211,42,13,0
212,43,13,0
213,44,14,0
214,45,15,0
215,46,15,0
216,47,15,0
217,48,16,0
218,48,17,0
219,49,18,0
220,49,19,0
221,49,20,0
222,49,21,0
223,49,22,0
224,49,23,0
225,50,23,0
226,51,23,0
227,52,23,0
228,53,23,0
229,54,22,0
230,55,21,0
231,55,20,0
232,55,19,0
233,55,18,0
234,55,17,0
235,55,16,0
236,54,15,0
237,54,14,0
238,53,13,0
239,53,12,0
240,52,11,0
241,51,11,0
242,50,10,0
243,49,10,0
244,48,10,0
245,47,9,0
246,46,9,0
247,45,9,0
248,44,9,0
249,43,9,0
250,42,9,0
251,41,9,0
252,40,9,0
253,39,9,0
254,38,9,0
255,37,9,0
256,36,9,0
257,35,9,0
258,34,9,0
259,33,9,0
260,32,9,0
261,31,9,0
