,0,1,cont
0,21,10,0
1,20,11,0
2,19,11,0
3,18,12,0
4,17,13,0
5,16,14,0
6,15,15,0
7,14,15,0
8,14,16,0
9,13,17,0
10,12,17,0
11,12,18,0
12,11,19,0
13,11,20,0
14,10,21,0
15,10,22,0
16,10,23,0
17,10,24,0
18,9,25,0
19,9,26,0
20,9,27,0
21,9,28,0
22,9,29,0
23,9,30,0
24,9,31,0
25,9,32,0
26,9,33,0
27,9,34,0
28,9,35,0
29,10,36,0
30,10,37,0
31,10,38,0
32,10,39,0
33,10,40,0
34,10,41,0
35,11,42,0
36,12,43,0
37,13,44,0
38,14,45,0
39,15,46,0
40,16,46,0
41,17,47,0
42,18,48,0
43,19,49,0
44,20,49,0
45,21,49,0
46,22,49,0
47,23,50,0
48,24,50,0
49,25,50,0
50,26,51,0
51,27,51,0
52,28,51,0
53,29,51,0
54,30,52,0
55,31,52,0
56,32,52,0
57,33,52,0
58,34,52,0
59,35,52,0
60,36,52,0
61,37,52,0
62,38,52,0
63,39,52,0
64,40,52,0
65,41,52,0
66,42,51,0
67,43,51,0
68,44,51,0
69,45,50,0
70,46,50,0
71,47,49,0
72,47,48,0
73,48,47,0
74,49,46,0
75,50,45,0
76,50,44,0
77,50,43,0
78,50,42,0
79,50,41,0
80,50,40,0
81,51,39,0
82,51,38,0
83,51,37,0
84,51,36,0
85,51,35,0
86,51,34,0
87,50,33,0
88,50,32,0
89,49,31,0
90,48,31,0
91,47,31,0
92,46,31,0
93,45,31,0
94,44,31,0
95,43,31,0
96,42,30,0
97,41,30,0
98,40,30,0
99,39,30,0
100,38,31,0
101,38,32,0
102,38,33,0
103,38,34,0
104,39,35,0
105,40,35,0
106,41,35,0
107,42,36,0
108,43,37,0
109,43,38,0
110,43,39,0
111,43,40,0
112,42,41,0
113,42,42,0
114,41,43,0
115,41,44,0
116,40,45,0
117,39,46,0
118,38,47,0
119,37,48,0
120,36,48,0
121,35,48,0
122,34,48,0
123,33,48,0
124,32,48,0
125,31,48,0
126,30,47,0
127,29,46,0
128,28,45,0
129,27,44,0
130,26,44,0
131,25,44,0
132,24,44,0
133,23,43,0
134,23,42,0
135,22,41,0
136,22,40,0
137,21,39,0
138,21,38,0
139,21,37,0
140,20,36,0
141,20,35,0
142,19,34,0
143,19,33,0
144,19,32,0
145,19,31,0
146,20,30,0
147,20,29,0
148,20,28,0
149,19,27,0
150,19,26,0
151,19,25,0
152,19,24,0
153,19,23,0
154,20,22,0
155,21,21,0
156,21,20,0
157,21,19,0
158,22,18,0
159,23,17,0
160,24,17,0
161,25,16,0
162,25,15,0
163,26,14,0
164,26,13,0
165,26,12,0
166,26,11,0
167,25,11,0
168,24,10,0
169,23,10,0
170,22,10,0
0,30,9,1
1,29,10,1
2,29,11,1
3,29,12,1
4,30,13,1
5,31,13,1
6,32,13,1
7,33,13,1
8,34,13,1
9,35,12,1
10,36,12,1
11,37,13,1
12,38,14,1
13,39,14,1
14,40,15,1
15,41,15,1
16,42,16,1
17,43,16,1
18,44,17,1
19,45,18,1
20,45,19,1
21,46,20,1
22,47,20,1
23,48,20,1
24,49,20,1
25,50,20,1
26,50,19,1
27,50,18,1
28,50,17,1
29,50,16,1
30,50,15,1
31,49,14,1
32,49,13,1
33,48,13,1
34,47,12,1
35,46,11,1
36,45,10,1
37,44,10,1
38,43,10,1
39,42,10,1
40,41,10,1
41,40,10,1
42,39,10,1
43,38,9,1
44,37,9,1
45,36,9,1
46,35,9,1
47,34,9,1
48,33,9,1
49,32,9,1
50,31,9,1
