,0,1,cont
0,31,9,0
1,30,10,0
2,29,10,0
3,28,10,0
4,27,11,0
5,26,11,0
6,25,11,0
7,24,12,0
8,23,12,0
9,22,13,0
10,21,13,0
11,20,14,0
12,19,14,0
13,18,15,0
14,17,15,0
15,16,16,0
16,16,17,0
17,15,18,0
18,14,18,0
19,13,19,0
20,12,20,0
21,11,21,0
22,11,22,0
23,10,23,0
24,10,24,0
25,9,25,0
26,9,26,0
27,9,27,0
28,9,28,0
29,9,29,0
30,9,30,0
31,9,31,0
32,9,32,0
33,9,33,0
34,9,34,0
35,9,35,0
36,9,36,0
37,9,37,0
38,9,38,0
39,9,39,0
40,9,40,0
41,9,41,0
42,9,42,0
43,10,43,0
44,10,44,0
45,10,45,0
46,11,46,0
47,12,47,0
48,13,48,0
49,14,48,0
50,15,49,0
51,16,50,0
52,17,51,0
53,17,52,0
54,18,53,0
55,19,53,0
56,20,53,0
57,21,53,0
58,22,54,0
59,23,54,0
60,24,54,0
61,25,55,0
62,26,55,0
63,27,55,0
64,28,55,0
65,29,55,0
66,30,55,0
67,31,56,0
68,32,56,0
69,33,56,0
70,34,56,0
71,35,56,0
72,36,56,0
73,37,56,0
74,38,56,0
75,39,56,0
76,40,56,0
77,41,55,0
78,42,55,0
79,43,55,0
80,44,54,0
81,45,54,0
82,46,54,0
83,47,53,0
84,48,53,0
85,49,52,0
86,50,52,0
87,51,51,0
88,52,50,0
89,53,49,0
90,53,48,0
91,53,47,0
92,54,46,0
93,54,45,0
94,54,44,0
95,54,43,0
96,54,42,0
97,54,41,0
98,54,40,0
99,54,39,0
100,55,38,0
101,55,37,0
102,55,36,0
103,56,35,0
104,56,34,0
105,57,33,0
106,57,32,0
107,57,31,0
108,57,30,0
109,57,29,0
110,56,28,0
111,55,28,0
112,54,28,0
113,53,28,0
114,52,28,0
115,51,28,0
116,50,28,0
117,49,28,0
118,48,28,0
119,47,28,0
120,46,28,0
121,45,28,0
122,44,28,0
123,43,28,0
124,42,28,0
125,41,28,0
126,40,28,0
127,39,28,0
128,38,27,0
129,37,27,0
130,36,27,0
131,35,28,0
132,34,28,0
133,34,29,0
134,34,30,0
135,34,31,0
136,34,32,0
137,35,33,0
138,35,34,0
139,35,35,0
140,36,35,0
141,37,35,0
142,38,35,0
143,39,35,0
144,40,35,0
145,41,35,0
146,42,35,0
147,43,36,0
148,43,37,0
149,43,38,0
150,43,39,0
151,43,40,0
152,43,41,0
153,43,42,0
154,44,43,0
155,43,44,0
156,43,45,0
157,43,46,0
158,42,47,0
159,41,48,0
160,40,49,0
161,39,49,0
162,38,49,0
163,37,50,0
164,36,50,0
165,35,50,0
166,34,50,0
167,33,50,0
168,32,49,0
169,31,49,0
170,30,49,0
171,29,49,0
172,28,49,0
173,27,49,0
174,26,48,0
175,25,48,0
176,24,48,0
177,23,47,0
178,22,47,0
179,21,46,0
180,20,45,0
181,20,44,0
182,21,43,0
183,21,42,0
184,21,41,0
185,21,40,0
186,21,39,0
187,21,38,0
188,20,37,0
189,20,36,0
190,20,35,0
191,19,34,0
192,19,33,0
193,20,32,0
194,20,31,0
195,21,30,0
196,21,29,0
197,21,28,0
198,22,27,0
199,23,26,0
200,23,25,0
201,23,24,0
202,24,23,0
203,24,22,0
204,25,21,0
205,25,20,0
206,26,19,0
207,27,18,0
208,28,17,0
209,29,17,0
210,30,16,0
211,31,15,0
212,32,14,0
213,33,14,0
214,34,14,0
215,35,13,0
216,36,13,0
217,37,13,0
218,38,13,0
219,39,13,0
220,40,14,0
221,41,14,0
222,42,15,0
223,43,15,0
224,44,16,0
225,45,17,0
226,46,18,0
227,46,19,0
228,47,20,0
229,47,21,0
230,48,22,0
231,49,22,0
232,50,22,0
233,51,22,0
234,52,22,0
235,53,21,0
236,53,20,0
237,53,19,0
238,53,18,0
239,54,17,0
240,54,16,0
241,54,15,0
242,54,14,0
243,54,13,0
244,53,12,0
245,52,12,0
246,51,11,0
247,50,11,0
248,49,11,0
249,48,11,0
250,47,11,0
251,46,11,0
252,45,10,0
253,44,10,0
254,43,9,0
255,42,9,0
256,41,9,0
257,40,9,0
258,39,9,0
259,38,9,0
260,37,9,0
261,36,10,0
262,35,9,0
263,34,9,0
264,33,9,0
265,32,9,0
