,0,1,cont
0,27,30,0
1,27,31,0
2,27,32,0
3,28,32,0
4,29,32,0
5,30,32,0
6,30,31,0
7,30,30,0
8,29,30,0
9,28,30,0
0,30,9,1
1,29,10,1
2,28,10,1
3,27,10,1
4,26,11,1
5,25,11,1
6,24,11,1
7,23,12,1
8,22,12,1
9,21,12,1
10,20,12,1
11,19,13,1
12,18,13,1
13,17,14,1
14,16,15,1
15,15,16,1
16,14,16,1
17,14,17,1
18,13,18,1
19,12,19,1
20,12,20,1
21,11,21,1
22,11,22,1
23,10,23,1
24,10,24,1
25,10,25,1
26,10,26,1
27,9,27,1
28,9,28,1
29,9,29,1
30,9,30,1
31,9,31,1
32,9,32,1
33,9,33,1
34,9,34,1
35,9,35,1
36,9,36,1
37,9,37,1
38,9,38,1
39,9,39,1
40,9,40,1
41,10,41,1
42,10,42,1
43,10,43,1
44,11,44,1
45,11,45,1
46,11,46,1
47,11,47,1
48,12,48,1
49,12,49,1
50,13,49,1
51,14,49,1
52,15,50,1
53,16,51,1
54,17,51,1
55,18,52,1
56,19,52,1
57,20,53,1
58,21,54,1
59,22,54,1
60,23,54,1
61,24,55,1
62,25,55,1
63,26,56,1
64,27,56,1
65,28,57,1
66,29,58,1
67,30,58,1
68,31,59,1
69,32,59,1
70,33,59,1
71,34,59,1
72,35,59,1
73,35,58,1
74,36,57,1
75,37,57,1
76,38,57,1
77,39,56,1
78,40,56,1
79,41,56,1
80,42,56,1
81,43,55,1
82,44,55,1
83,45,55,1
84,46,55,1
85,47,54,1
86,48,54,1
87,49,53,1
88,50,52,1
89,51,51,1
90,51,50,1
91,52,49,1
92,52,48,1
93,53,47,1
94,53,46,1
95,53,45,1
96,53,44,1
97,53,43,1
98,53,42,1
99,53,41,1
100,53,40,1
101,53,39,1
102,53,38,1
103,53,37,1
104,53,36,1
105,53,35,1
106,53,34,1
107,52,33,1
108,51,33,1
109,50,32,1
110,49,32,1
111,48,32,1
112,47,32,1
113,46,32,1
114,45,32,1
115,44,32,1
116,43,32,1
117,42,32,1
118,41,32,1
119,40,32,1
120,39,32,1
121,38,32,1
122,37,33,1
123,36,34,1
124,36,35,1
125,36,36,1
126,37,37,1
127,38,38,1
128,39,38,1
129,40,38,1
130,41,38,1
131,42,39,1
132,43,40,1
133,44,41,1
134,44,42,1
135,43,43,1
136,42,44,1
137,42,45,1
138,41,46,1
139,40,47,1
140,39,48,1
141,38,48,1
142,37,48,1
143,36,48,1
144,35,49,1
145,34,49,1
146,33,48,1
147,32,48,1
148,31,47,1
149,30,47,1
150,29,46,1
151,28,45,1
152,27,45,1
153,26,44,1
154,25,43,1
155,24,42,1
156,24,41,1
157,24,40,1
158,23,40,1
159,22,39,1
160,22,38,1
161,21,37,1
162,21,36,1
163,21,35,1
164,21,34,1
165,22,33,1
166,23,32,1
167,24,31,1
168,24,30,1
169,24,29,1
170,24,28,1
171,24,27,1
172,24,26,1
173,25,25,1
174,25,24,1
175,26,23,1
176,26,22,1
177,27,21,1
178,27,20,1
179,28,19,1
180,29,18,1
181,30,17,1
182,31,17,1
183,32,17,1
184,33,17,1
185,34,17,1
186,35,17,1
187,36,17,1
188,37,17,1
189,38,17,1
190,39,18,1
191,40,18,1
192,41,18,1
193,42,19,1
194,43,19,1
195,44,20,1
196,45,20,1
197,46,21,1
198,46,22,1
199,47,23,1
200,48,24,1
201,49,24,1
202,50,24,1
203,51,23,1
204,51,22,1
205,51,21,1
206,51,20,1
207,52,19,1
208,52,18,1
209,52,17,1
210,51,16,1
211,51,15,1
212,50,14,1
213,49,13,1
214,48,12,1
215,47,12,1
216,46,11,1
217,45,11,1
218,44,11,1
219,43,11,1
220,42,11,1
221,41,10,1
222,40,10,1
223,39,9,1
224,38,9,1
225,37,9,1
226,36,9,1
227,35,9,1
228,34,9,1
229,33,9,1
230,32,9,1
231,31,9,1
