,0,1,cont
0,28,9,0
1,27,10,0
2,26,10,0
3,25,10,0
4,24,11,0
5,23,12,0
6,22,13,0
7,21,13,0
8,20,13,0
9,19,14,0
10,18,14,0
11,17,15,0
12,16,15,0
13,15,16,0
14,15,17,0
15,14,18,0
16,13,19,0
17,12,20,0
18,12,21,0
19,11,22,0
20,11,23,0
21,10,24,0
22,10,25,0
23,9,26,0
24,9,27,0
25,9,28,0
26,9,29,0
27,9,30,0
28,9,31,0
29,9,32,0
30,9,33,0
31,9,34,0
32,9,35,0
33,9,36,0
34,9,37,0
35,9,38,0
36,9,39,0
37,10,40,0
38,10,41,0
39,10,42,0
40,10,43,0
41,10,44,0
42,11,45,0
43,11,46,0
44,12,47,0
45,13,48,0
46,13,49,0
47,14,50,0
48,15,51,0
49,16,52,0
50,17,53,0
51,17,54,0
52,18,54,0
53,19,55,0
54,20,55,0
55,21,55,0
56,22,56,0
57,23,56,0
58,24,57,0
59,25,57,0
60,26,57,0
61,27,58,0
62,28,58,0
63,29,58,0
64,30,58,0
65,31,59,0
66,32,60,0
67,33,61,0
68,34,61,0
69,35,61,0
70,36,61,0
71,37,61,0
72,38,61,0
73,39,61,0
74,40,60,0
75,41,59,0
76,42,58,0
77,43,57,0
78,44,57,0
79,45,57,0
80,46,57,0
81,47,56,0
82,48,56,0
83,49,55,0
84,50,55,0
85,51,54,0
86,52,53,0
87,53,53,0
88,53,52,0
89,54,51,0
90,54,50,0
91,54,49,0
92,54,48,0
93,54,47,0
94,54,46,0
95,54,45,0
96,54,44,0
97,54,43,0
98,55,42,0
99,55,41,0
100,55,40,0
101,55,39,0
102,55,38,0
103,55,37,0
104,56,36,0
105,56,35,0
106,56,34,0
107,55,33,0
108,55,32,0
109,55,31,0
110,54,31,0
111,53,31,0
112,52,31,0
113,51,31,0
114,50,31,0
115,49,31,0
116,48,31,0
117,47,30,0
118,46,30,0
119,45,30,0
120,44,30,0
121,43,30,0
122,42,30,0
123,41,30,0
124,40,30,0
125,39,30,0
126,38,30,0
127,37,30,0
128,36,30,0
129,35,30,0
130,35,31,0
131,34,32,0
132,34,33,0
133,34,34,0
134,34,35,0
135,35,36,0
136,36,37,0
137,37,37,0
138,38,37,0
139,39,37,0
140,40,37,0
141,41,37,0
142,42,37,0
143,43,38,0
144,44,39,0
145,44,40,0
146,44,41,0
147,44,42,0
148,44,43,0
149,45,44,0
150,45,45,0
151,45,46,0
152,44,47,0
153,44,48,0
154,43,49,0
155,42,50,0
156,41,51,0
157,40,52,0
158,39,52,0
159,38,52,0
160,37,52,0
161,36,52,0
162,35,52,0
163,34,52,0
164,33,51,0
165,32,51,0
166,31,51,0
167,30,50,0
168,29,50,0
169,28,50,0
170,27,49,0
171,26,48,0
172,26,47,0
173,26,46,0
174,25,45,0
175,25,44,0
176,25,43,0
177,24,42,0
178,24,41,0
179,23,40,0
180,22,39,0
181,21,38,0
182,20,37,0
183,20,36,0
184,20,35,0
185,19,34,0
186,20,33,0
187,20,32,0
188,21,31,0
189,21,30,0
190,22,29,0
191,22,28,0
192,22,27,0
193,23,26,0
194,24,25,0
195,24,24,0
196,25,23,0
197,25,22,0
198,26,21,0
199,27,20,0
200,27,19,0
201,28,18,0
202,28,17,0
203,29,16,0
204,30,16,0
205,31,15,0
206,32,15,0
207,33,14,0
208,34,14,0
209,35,13,0
210,36,13,0
211,37,13,0
212,38,13,0
213,39,13,0
214,40,13,0
215,41,14,0
216,42,14,0
217,43,14,0
218,44,15,0
219,45,15,0
220,46,16,0
221,47,17,0
222,47,18,0
223,48,19,0
224,48,20,0
225,48,21,0
226,48,22,0
227,48,23,0
228,49,24,0
229,50,24,0
230,51,24,0
231,52,24,0
232,53,23,0
233,53,22,0
234,54,21,0
235,54,20,0
236,54,19,0
237,54,18,0
238,54,17,0
239,54,16,0
240,54,15,0
241,54,14,0
242,54,13,0
243,53,12,0
244,52,12,0
245,51,11,0
246,50,11,0
247,49,11,0
248,48,11,0
249,47,11,0
250,46,10,0
251,45,10,0
252,44,10,0
253,43,9,0
254,42,9,0
255,41,9,0
256,40,9,0
257,39,9,0
258,38,9,0
259,37,9,0
260,36,9,0
261,35,9,0
262,34,9,0
263,33,9,0
264,32,9,0
265,31,9,0
266,30,9,0
267,29,9,0
