,0,1,cont
0,30,9,0
1,29,10,0
2,28,10,0
3,27,11,0
4,26,11,0
5,25,11,0
6,24,12,0
7,23,12,0
8,22,13,0
9,21,13,0
10,20,14,0
11,19,15,0
12,18,15,0
13,17,16,0
14,16,17,0
15,15,18,0
16,15,19,0
17,14,20,0
18,13,20,0
19,13,21,0
20,12,22,0
21,11,23,0
22,11,24,0
23,11,25,0
24,10,26,0
25,9,27,0
26,9,28,0
27,9,29,0
28,9,30,0
29,9,31,0
30,9,32,0
31,9,33,0
32,9,34,0
33,9,35,0
34,9,36,0
35,9,37,0
36,9,38,0
37,9,39,0
38,9,40,0
39,9,41,0
40,10,42,0
41,10,43,0
42,11,44,0
43,11,45,0
44,11,46,0
45,12,47,0
46,12,48,0
47,13,49,0
48,14,49,0
49,15,50,0
50,16,51,0
51,17,52,0
52,17,53,0
53,18,54,0
54,19,54,0
55,20,55,0
56,21,55,0
57,22,56,0
58,23,56,0
59,24,56,0
60,25,56,0
61,26,56,0
62,27,57,0
63,28,57,0
64,29,58,0
65,30,58,0
66,31,59,0
67,32,59,0
68,33,59,0
69,34,59,0
70,35,59,0
71,36,59,0
72,37,59,0
73,38,58,0
74,39,58,0
75,40,57,0
76,41,57,0
77,42,57,0
78,43,57,0
79,44,57,0
80,45,56,0
81,46,56,0
82,47,56,0
83,48,56,0
84,49,56,0
85,50,55,0
86,51,55,0
87,52,55,0
88,53,55,0
89,53,54,0
90,53,53,0
91,54,52,0
92,55,51,0
93,55,50,0
94,55,49,0
95,55,48,0
96,55,47,0
97,55,46,0
98,55,45,0
99,55,44,0
100,55,43,0
101,55,42,0
102,55,41,0
103,55,40,0
104,55,39,0
105,55,38,0
106,56,37,0
107,56,36,0
108,56,35,0
109,57,34,0
110,57,33,0
111,57,32,0
112,56,31,0
113,55,30,0
114,54,30,0
115,53,30,0
116,52,30,0
117,51,30,0
118,50,30,0
119,49,31,0
120,48,30,0
121,47,30,0
122,46,30,0
123,45,30,0
124,44,30,0
125,43,30,0
126,42,30,0
127,41,29,0
128,40,29,0
129,39,29,0
130,38,29,0
131,37,29,0
132,36,30,0
133,35,30,0
134,34,31,0
135,34,32,0
136,34,33,0
137,34,34,0
138,34,35,0
139,35,35,0
140,36,36,0
141,37,36,0
142,38,36,0
143,39,36,0
144,40,36,0
145,41,36,0
146,42,36,0
147,43,36,0
148,44,37,0
149,45,38,0
150,45,39,0
151,45,40,0
152,45,41,0
153,45,42,0
154,45,43,0
155,44,44,0
156,44,45,0
157,43,46,0
158,43,47,0
159,42,48,0
160,41,49,0
161,40,50,0
162,39,50,0
163,38,51,0
164,37,51,0
165,36,51,0
166,35,51,0
167,34,51,0
168,33,51,0
169,32,50,0
170,31,49,0
171,30,49,0
172,29,48,0
173,28,47,0
174,27,47,0
175,26,46,0
176,25,45,0
177,24,44,0
178,23,43,0
179,23,42,0
180,22,41,0
181,21,40,0
182,21,39,0
183,20,38,0
184,20,37,0
185,20,36,0
186,20,35,0
187,20,34,0
188,20,33,0
189,21,32,0
190,21,31,0
191,21,30,0
192,21,29,0
193,21,28,0
194,22,27,0
195,22,26,0
196,23,25,0
197,23,24,0
198,23,23,0
199,24,22,0
200,24,21,0
201,25,20,0
202,26,19,0
203,26,18,0
204,27,17,0
205,28,16,0
206,29,16,0
207,30,15,0
208,31,15,0
209,32,15,0
210,33,14,0
211,34,14,0
212,35,14,0
213,36,14,0
214,37,14,0
215,38,14,0
216,39,15,0
217,40,15,0
218,41,15,0
219,42,15,0
220,43,16,0
221,44,16,0
222,45,17,0
223,46,18,0
224,47,19,0
225,47,20,0
226,48,21,0
227,48,22,0
228,49,23,0
229,50,23,0
230,51,23,0
231,52,23,0
232,53,23,0
233,53,22,0
234,54,21,0
235,54,20,0
236,55,19,0
237,55,18,0
238,55,17,0
239,55,16,0
240,55,15,0
241,55,14,0
242,54,13,0
243,53,12,0
244,52,12,0
245,51,12,0
246,50,11,0
247,49,11,0
248,48,11,0
249,47,11,0
250,46,11,0
251,45,11,0
252,44,11,0
253,43,10,0
254,42,10,0
255,41,10,0
256,40,10,0
257,39,10,0
258,38,10,0
259,37,10,0
260,36,10,0
261,35,9,0
262,34,9,0
263,33,9,0
264,32,9,0
265,31,9,0
