,0,1,cont
0,63,51,0
1,63,52,0
2,63,53,0
3,64,53,0
4,65,53,0
5,65,52,0
6,65,51,0
7,64,51,0
0,63,45,1
1,62,46,1
2,62,47,1
3,62,48,1
4,63,48,1
5,64,48,1
6,65,48,1
7,65,47,1
8,65,46,1
9,65,45,1
10,64,45,1
0,9,9,2
1,9,10,2
2,9,11,2
3,10,11,2
4,11,11,2
5,12,11,2
6,13,11,2
7,14,11,2
8,15,11,2
9,16,11,2
10,17,11,2
11,18,11,2
12,19,11,2
13,20,11,2
14,21,11,2
15,22,11,2
16,23,11,2
17,24,11,2
18,25,11,2
19,26,11,2
20,27,11,2
21,28,11,2
22,29,11,2
23,30,11,2
24,31,11,2
25,32,11,2
26,33,12,2
27,32,13,2
28,31,13,2
29,30,13,2
30,29,13,2
31,28,13,2
32,27,13,2
33,26,13,2
34,25,14,2
35,24,14,2
36,23,15,2
37,22,15,2
38,21,15,2
39,20,15,2
40,19,16,2
41,18,17,2
42,18,18,2
43,17,19,2
44,16,20,2
45,15,21,2
46,15,22,2
47,14,23,2
48,14,24,2
49,13,25,2
50,13,26,2
51,13,27,2
52,12,28,2
53,12,29,2
54,12,30,2
55,12,31,2
56,12,32,2
57,12,33,2
58,12,34,2
59,12,35,2
60,12,36,2
61,12,37,2
62,12,38,2
63,12,39,2
64,12,40,2
65,12,41,2
66,12,42,2
67,12,43,2
68,12,44,2
69,12,45,2
70,12,46,2
71,12,47,2
72,11,48,2
73,10,49,2
74,9,49,2
75,9,50,2
76,9,51,2
77,9,52,2
78,10,52,2
79,11,52,2
80,12,52,2
81,13,53,2
82,14,54,2
83,14,55,2
84,15,56,2
85,16,56,2
86,17,56,2
87,18,56,2
88,19,56,2
89,20,56,2
90,21,56,2
91,22,56,2
92,23,56,2
93,24,57,2
94,25,57,2
95,26,58,2
96,27,58,2
97,28,59,2
98,29,60,2
99,29,61,2
100,29,62,2
101,29,63,2
102,30,64,2
103,31,65,2
104,31,66,2
105,31,67,2
106,32,67,2
107,33,67,2
108,34,67,2
109,34,66,2
110,35,65,2
111,36,64,2
112,36,63,2
113,37,62,2
114,38,61,2
115,39,60,2
116,40,60,2
117,41,60,2
118,42,60,2
119,43,60,2
120,44,60,2
121,45,60,2
122,46,59,2
123,47,59,2
124,48,58,2
125,49,58,2
126,50,57,2
127,51,57,2
128,52,56,2
129,53,55,2
130,54,55,2
131,55,54,2
132,55,53,2
133,56,52,2
134,57,51,2
135,57,50,2
136,57,49,2
137,57,48,2
138,57,47,2
139,56,46,2
140,56,45,2
141,57,44,2
142,57,43,2
143,57,42,2
144,57,41,2
145,57,40,2
146,58,39,2
147,59,38,2
148,60,37,2
149,60,36,2
150,60,35,2
151,60,34,2
152,60,33,2
153,59,33,2
154,58,33,2
155,57,33,2
156,56,33,2
157,55,32,2
158,54,32,2
159,53,32,2
160,52,31,2
161,51,31,2
162,50,31,2
163,49,31,2
164,48,31,2
165,47,31,2
166,46,31,2
167,45,30,2
168,44,30,2
169,43,30,2
170,42,30,2
171,41,30,2
172,40,31,2
173,39,31,2
174,38,32,2
175,38,33,2
176,38,34,2
177,38,35,2
178,38,36,2
179,39,37,2
180,40,37,2
181,41,37,2
182,42,37,2
183,43,37,2
184,44,37,2
185,45,37,2
186,46,38,2
187,47,39,2
188,47,40,2
189,48,41,2
190,48,42,2
191,48,43,2
192,48,44,2
193,48,45,2
194,47,46,2
195,46,47,2
196,46,48,2
197,45,49,2
198,44,49,2
199,43,49,2
200,42,50,2
201,41,51,2
202,40,52,2
203,39,52,2
204,38,52,2
205,37,52,2
206,36,52,2
207,35,52,2
208,34,51,2
209,33,51,2
210,32,50,2
211,31,49,2
212,30,49,2
213,29,48,2
214,28,47,2
215,27,46,2
216,26,45,2
217,25,44,2
218,25,43,2
219,24,42,2
220,24,41,2
221,24,40,2
222,24,39,2
223,23,38,2
224,23,37,2
225,23,36,2
226,23,35,2
227,23,34,2
228,23,33,2
229,23,32,2
230,23,31,2
231,24,30,2
232,24,29,2
233,24,28,2
234,24,27,2
235,25,26,2
236,26,25,2
237,26,24,2
238,27,23,2
239,28,22,2
240,29,21,2
241,30,21,2
242,31,20,2
243,32,20,2
244,33,19,2
245,34,19,2
246,35,19,2
247,36,19,2
248,37,19,2
249,38,18,2
250,39,17,2
251,40,17,2
252,41,17,2
253,41,16,2
254,42,15,2
255,43,15,2
256,44,15,2
257,45,15,2
258,46,15,2
259,47,15,2
260,48,16,2
261,49,16,2
262,50,17,2
263,51,18,2
264,51,19,2
265,52,20,2
266,52,21,2
267,52,22,2
268,52,23,2
269,53,24,2
270,54,24,2
271,55,24,2
272,56,24,2
273,57,23,2
274,58,22,2
275,58,21,2
276,58,20,2
277,57,19,2
278,57,18,2
279,57,17,2
280,57,16,2
281,57,15,2
282,57,14,2
283,57,13,2
284,56,12,2
285,55,11,2
286,54,10,2
287,53,10,2
288,52,9,2
289,51,9,2
290,50,9,2
291,49,10,2
292,48,10,2
293,47,10,2
294,46,10,2
295,45,10,2
296,44,10,2
297,43,10,2
298,42,10,2
299,41,10,2
300,40,11,2
301,39,11,2
302,38,11,2
303,37,12,2
304,36,12,2
305,35,12,2
306,34,12,2
307,33,12,2
308,32,11,2
309,32,10,2
310,32,9,2
311,31,9,2
312,30,9,2
313,29,9,2
314,28,9,2
315,27,9,2
316,26,9,2
317,25,9,2
318,24,9,2
319,23,9,2
320,22,9,2
321,21,9,2
322,20,9,2
323,19,9,2
324,18,9,2
325,17,9,2
326,16,9,2
327,15,9,2
328,14,9,2
329,13,9,2
330,12,9,2
331,11,9,2
332,10,9,2
