,0,1,cont
0,32,22,0
1,32,23,0
2,31,24,0
3,30,25,0
4,29,25,0
5,28,26,0
6,28,27,0
7,28,28,0
8,27,29,0
9,27,30,0
10,27,31,0
11,27,32,0
12,28,32,0
13,29,32,0
14,30,32,0
15,30,31,0
16,30,30,0
17,31,29,0
18,32,29,0
19,33,28,0
20,34,27,0
21,34,26,0
22,35,25,0
23,35,24,0
24,35,23,0
25,35,22,0
26,34,22,0
27,33,22,0
0,32,9,1
1,31,10,1
2,30,10,1
3,29,10,1
4,28,10,1
5,27,10,1
6,26,10,1
7,25,10,1
8,24,11,1
9,23,11,1
10,22,11,1
11,21,11,1
12,20,11,1
13,19,12,1
14,18,12,1
15,17,13,1
16,16,14,1
17,15,15,1
18,14,15,1
19,13,16,1
20,12,17,1
21,11,18,1
22,11,19,1
23,11,20,1
24,11,21,1
25,11,22,1
26,10,23,1
27,10,24,1
28,10,25,1
29,10,26,1
30,9,27,1
31,9,28,1
32,9,29,1
33,9,30,1
34,9,31,1
35,9,32,1
36,9,33,1
37,9,34,1
38,9,35,1
39,9,36,1
40,9,37,1
41,9,38,1
42,9,39,1
43,10,40,1
44,10,41,1
45,10,42,1
46,10,43,1
47,11,44,1
48,11,45,1
49,12,46,1
50,13,47,1
51,14,48,1
52,15,48,1
53,16,49,1
54,17,50,1
55,18,50,1
56,19,51,1
57,20,51,1
58,21,52,1
59,22,52,1
60,23,52,1
61,24,52,1
62,25,53,1
63,26,53,1
64,27,53,1
65,28,53,1
66,29,53,1
67,30,54,1
68,31,54,1
69,32,54,1
70,33,54,1
71,34,54,1
72,35,54,1
73,36,54,1
74,37,54,1
75,38,53,1
76,39,53,1
77,40,53,1
78,41,52,1
79,42,52,1
80,43,52,1
81,44,52,1
82,45,51,1
83,46,51,1
84,47,51,1
85,48,51,1
86,49,50,1
87,49,49,1
88,50,48,1
89,50,47,1
90,51,46,1
91,51,45,1
92,51,44,1
93,51,43,1
94,52,42,1
95,52,41,1
96,52,40,1
97,52,39,1
98,52,38,1
99,52,37,1
100,52,36,1
101,53,35,1
102,53,34,1
103,53,33,1
104,53,32,1
105,53,31,1
106,52,30,1
107,51,30,1
108,50,30,1
109,49,30,1
110,48,30,1
111,47,31,1
112,46,31,1
113,45,31,1
114,44,31,1
115,43,32,1
116,42,32,1
117,41,32,1
118,40,32,1
119,39,32,1
120,38,32,1
121,37,32,1
122,36,33,1
123,35,33,1
124,35,34,1
125,35,35,1
126,35,36,1
127,36,36,1
128,37,36,1
129,38,36,1
130,39,36,1
131,40,36,1
132,41,37,1
133,41,38,1
134,42,39,1
135,41,40,1
136,41,41,1
137,41,42,1
138,41,43,1
139,40,44,1
140,39,45,1
141,38,46,1
142,37,47,1
143,36,48,1
144,35,48,1
145,34,48,1
146,33,48,1
147,32,49,1
148,31,49,1
149,30,48,1
150,29,48,1
151,28,47,1
152,27,46,1
153,26,46,1
154,25,45,1
155,24,45,1
156,23,44,1
157,22,43,1
158,22,42,1
159,21,41,1
160,21,40,1
161,21,39,1
162,20,38,1
163,20,37,1
164,20,36,1
165,20,35,1
166,20,34,1
167,19,33,1
168,19,32,1
169,19,31,1
170,19,30,1
171,19,29,1
172,20,28,1
173,20,27,1
174,20,26,1
175,21,25,1
176,21,24,1
177,21,23,1
178,22,22,1
179,23,21,1
180,24,20,1
181,25,19,1
182,26,18,1
183,27,17,1
184,28,16,1
185,29,16,1
186,30,15,1
187,31,15,1
188,32,16,1
189,33,16,1
190,34,16,1
191,35,16,1
192,36,15,1
193,37,15,1
194,38,15,1
195,39,15,1
196,40,16,1
197,41,17,1
198,41,18,1
199,42,19,1
200,43,20,1
201,44,21,1
202,44,22,1
203,45,23,1
204,46,24,1
205,47,24,1
206,48,24,1
207,49,23,1
208,50,22,1
209,50,21,1
210,51,20,1
211,51,19,1
212,51,18,1
213,51,17,1
214,51,16,1
215,51,15,1
216,50,14,1
217,49,13,1
218,49,12,1
219,48,11,1
220,47,11,1
221,46,10,1
222,45,10,1
223,44,10,1
224,43,10,1
225,42,10,1
226,41,9,1
227,40,9,1
228,39,9,1
229,38,9,1
230,37,9,1
231,36,9,1
232,35,9,1
233,34,9,1
234,33,9,1
