,0,1,cont
0,30,9,0
1,29,10,0
2,28,11,0
3,27,11,0
4,26,11,0
5,25,11,0
6,24,11,0
7,23,12,0
8,22,13,0
9,21,14,0
10,20,15,0
11,19,15,0
12,18,15,0
13,17,16,0
14,16,16,0
15,16,17,0
16,15,18,0
17,14,19,0
18,13,20,0
19,12,21,0
20,12,22,0
21,11,23,0
22,11,24,0
23,11,25,0
24,10,26,0
25,10,27,0
26,10,28,0
27,10,29,0
28,10,30,0
29,10,31,0
30,10,32,0
31,10,33,0
32,9,34,0
33,9,35,0
34,9,36,0
35,9,37,0
36,9,38,0
37,9,39,0
38,9,40,0
39,9,41,0
40,9,42,0
41,9,43,0
42,10,44,0
43,10,45,0
44,10,46,0
45,11,47,0
46,12,48,0
47,13,49,0
48,14,50,0
49,15,51,0
50,15,52,0
51,16,53,0
52,17,54,0
53,18,54,0
54,19,55,0
55,20,56,0
56,21,56,0
57,22,56,0
58,23,56,0
59,24,56,0
60,25,56,0
61,26,56,0
62,27,55,0
63,28,55,0
64,29,55,0
65,30,54,0
66,31,54,0
67,32,53,0
68,33,54,0
69,34,55,0
70,34,56,0
71,34,57,0
72,34,58,0
73,34,59,0
74,34,60,0
75,35,60,0
76,36,60,0
77,37,60,0
78,38,60,0
79,39,60,0
80,40,59,0
81,41,59,0
82,42,59,0
83,43,59,0
84,44,58,0
85,45,57,0
86,46,57,0
87,47,57,0
88,48,57,0
89,49,56,0
90,50,56,0
91,51,55,0
92,52,54,0
93,53,53,0
94,54,52,0
95,54,51,0
96,54,50,0
97,54,49,0
98,54,48,0
99,54,47,0
100,54,46,0
101,54,45,0
102,54,44,0
103,54,43,0
104,55,42,0
105,55,41,0
106,55,40,0
107,55,39,0
108,55,38,0
109,55,37,0
110,56,36,0
111,56,35,0
112,56,34,0
113,56,33,0
114,56,32,0
115,55,31,0
116,54,31,0
117,53,31,0
118,52,31,0
119,51,31,0
120,50,31,0
121,49,31,0
122,48,31,0
123,47,30,0
124,46,30,0
125,45,30,0
126,44,30,0
127,43,30,0
128,42,30,0
129,41,30,0
130,40,29,0
131,39,29,0
132,38,29,0
133,37,29,0
134,36,30,0
135,35,31,0
136,35,32,0
137,34,33,0
138,34,34,0
139,34,35,0
140,35,36,0
141,36,36,0
142,37,37,0
143,38,37,0
144,39,37,0
145,40,37,0
146,41,37,0
147,42,36,0
148,43,36,0
149,44,37,0
150,45,38,0
151,45,39,0
152,45,40,0
153,45,41,0
154,45,42,0
155,45,43,0
156,45,44,0
157,45,45,0
158,45,46,0
159,44,47,0
160,44,48,0
161,43,49,0
162,42,50,0
163,41,51,0
164,40,51,0
165,39,50,0
166,38,49,0
167,37,48,0
168,36,47,0
169,35,46,0
170,34,46,0
171,33,45,0
172,32,45,0
173,31,45,0
174,30,45,0
175,29,45,0
176,28,45,0
177,27,45,0
178,26,46,0
179,25,45,0
180,24,44,0
181,24,43,0
182,23,42,0
183,23,41,0
184,22,40,0
185,22,39,0
186,21,38,0
187,20,38,0
188,19,37,0
189,18,37,0
190,17,36,0
191,17,35,0
192,17,34,0
193,17,33,0
194,18,32,0
195,19,31,0
196,20,30,0
197,21,29,0
198,22,28,0
199,22,27,0
200,23,26,0
201,23,25,0
202,24,24,0
203,24,23,0
204,25,22,0
205,26,21,0
206,26,20,0
207,27,19,0
208,28,18,0
209,29,18,0
210,29,17,0
211,30,16,0
212,31,16,0
213,32,16,0
214,33,16,0
215,34,15,0
216,35,14,0
217,36,14,0
218,37,13,0
219,38,13,0
220,39,12,0
221,40,13,0
222,41,13,0
223,42,13,0
224,43,14,0
225,44,14,0
226,45,15,0
227,46,16,0
228,46,17,0
229,47,18,0
230,48,19,0
231,48,20,0
232,48,21,0
233,49,22,0
234,49,23,0
235,50,23,0
236,51,23,0
237,52,23,0
238,53,22,0
239,53,21,0
240,53,20,0
241,53,19,0
242,53,18,0
243,53,17,0
244,53,16,0
245,53,15,0
246,52,14,0
247,52,13,0
248,52,12,0
249,51,12,0
250,50,11,0
251,49,10,0
252,48,10,0
253,47,10,0
254,46,10,0
255,45,10,0
256,44,10,0
257,43,10,0
258,42,10,0
259,41,10,0
260,40,10,0
261,39,10,0
262,38,9,0
263,37,9,0
264,36,9,0
265,35,9,0
266,34,9,0
267,33,9,0
268,32,9,0
269,31,9,0
