,0,1,cont
0,26,9,0
1,25,10,0
2,24,11,0
3,23,12,0
4,22,12,0
5,21,13,0
6,20,13,0
7,19,13,0
8,18,14,0
9,17,15,0
10,16,16,0
11,15,17,0
12,15,18,0
13,14,19,0
14,13,19,0
15,13,20,0
16,12,21,0
17,12,22,0
18,11,23,0
19,11,24,0
20,11,25,0
21,10,26,0
22,10,27,0
23,10,28,0
24,9,29,0
25,9,30,0
26,9,31,0
27,9,32,0
28,9,33,0
29,9,34,0
30,9,35,0
31,9,36,0
32,9,37,0
33,9,38,0
34,9,39,0
35,9,40,0
36,10,41,0
37,10,42,0
38,10,43,0
39,11,44,0
40,12,45,0
41,13,46,0
42,13,47,0
43,14,48,0
44,14,49,0
45,15,50,0
46,16,51,0
47,16,52,0
48,17,52,0
49,18,53,0
50,19,53,0
51,20,53,0
52,21,54,0
53,22,54,0
54,23,55,0
55,24,56,0
56,25,56,0
57,26,56,0
58,27,56,0
59,28,57,0
60,29,57,0
61,30,57,0
62,31,57,0
63,32,57,0
64,33,58,0
65,34,58,0
66,35,58,0
67,36,58,0
68,37,58,0
69,38,58,0
70,39,58,0
71,40,58,0
72,41,58,0
73,42,57,0
74,43,57,0
75,44,56,0
76,45,56,0
77,46,56,0
78,47,56,0
79,48,55,0
80,49,55,0
81,50,54,0
82,51,54,0
83,52,53,0
84,53,52,0
85,54,51,0
86,54,50,0
87,55,49,0
88,55,48,0
89,55,47,0
90,55,46,0
91,55,45,0
92,55,44,0
93,55,43,0
94,55,42,0
95,55,41,0
96,55,40,0
97,55,39,0
98,55,38,0
99,56,37,0
100,57,36,0
101,57,35,0
102,57,34,0
103,57,33,0
104,57,32,0
105,57,31,0
106,56,31,0
107,55,31,0
108,54,31,0
109,53,31,0
110,52,31,0
111,51,31,0
112,50,31,0
113,49,31,0
114,48,31,0
115,47,31,0
116,46,31,0
117,45,31,0
118,44,30,0
119,43,30,0
120,42,30,0
121,41,30,0
122,40,29,0
123,39,29,0
124,38,29,0
125,37,29,0
126,36,29,0
127,35,29,0
128,34,29,0
129,34,30,0
130,34,31,0
131,34,32,0
132,34,33,0
133,34,34,0
134,35,35,0
135,35,36,0
136,36,36,0
137,37,36,0
138,38,36,0
139,39,36,0
140,40,36,0
141,41,36,0
142,42,36,0
143,43,36,0
144,44,36,0
145,45,37,0
146,45,38,0
147,45,39,0
148,45,40,0
149,45,41,0
150,44,42,0
151,44,43,0
152,44,44,0
153,44,45,0
154,44,46,0
155,44,47,0
156,43,48,0
157,42,49,0
158,41,50,0
159,40,50,0
160,39,51,0
161,38,51,0
162,37,51,0
163,36,52,0
164,35,51,0
165,34,51,0
166,33,51,0
167,32,50,0
168,31,50,0
169,30,49,0
170,29,49,0
171,28,48,0
172,27,48,0
173,26,47,0
174,26,46,0
175,25,45,0
176,24,44,0
177,23,43,0
178,22,42,0
179,22,41,0
180,22,40,0
181,21,39,0
182,21,38,0
183,20,37,0
184,20,36,0
185,20,35,0
186,20,34,0
187,20,33,0
188,20,32,0
189,20,31,0
190,20,30,0
191,21,29,0
192,21,28,0
193,21,27,0
194,21,26,0
195,22,25,0
196,22,24,0
197,23,23,0
198,24,22,0
199,24,21,0
200,25,20,0
201,26,19,0
202,26,18,0
203,27,17,0
204,28,16,0
205,29,16,0
206,30,16,0
207,31,15,0
208,32,14,0
209,33,14,0
210,34,14,0
211,35,13,0
212,36,13,0
213,37,13,0
214,38,13,0
215,39,13,0
216,40,13,0
217,41,13,0
218,42,13,0
219,43,14,0
220,44,14,0
221,45,15,0
222,46,16,0
223,46,17,0
224,47,18,0
225,47,19,0
226,47,20,0
227,48,21,0
228,48,22,0
229,49,23,0
230,50,23,0
231,51,23,0
232,52,23,0
233,53,22,0
234,53,21,0
235,53,20,0
236,53,19,0
237,54,18,0
238,54,17,0
239,54,16,0
240,54,15,0
241,54,14,0
242,53,13,0
243,52,13,0
244,51,12,0
245,50,11,0
246,49,11,0
247,48,10,0
248,47,10,0
249,46,10,0
250,45,10,0
251,44,10,0
252,43,10,0
253,42,10,0
254,41,10,0
255,40,10,0
256,39,9,0
257,38,9,0
258,37,9,0
259,36,9,0
260,35,9,0
261,34,9,0
262,33,9,0
263,32,9,0
264,31,9,0
265,30,9,0
266,29,9,0
267,28,9,0
268,27,9,0
