,0,1,cont
0,40,9,0
1,39,10,0
2,38,11,0
3,37,11,0
4,36,11,0
5,35,10,0
6,34,10,0
7,33,10,0
8,32,10,0
9,31,10,0
10,30,10,0
11,29,10,0
12,28,10,0
13,27,10,0
14,26,11,0
15,25,11,0
16,24,11,0
17,23,11,0
18,22,12,0
19,21,12,0
20,20,13,0
21,19,14,0
22,18,15,0
23,17,15,0
24,16,16,0
25,15,17,0
26,15,18,0
27,14,19,0
28,13,20,0
29,13,21,0
30,12,22,0
31,11,23,0
32,11,24,0
33,10,25,0
34,10,26,0
35,10,27,0
36,10,28,0
37,9,29,0
38,9,30,0
39,9,31,0
40,9,32,0
41,9,33,0
42,9,34,0
43,9,35,0
44,9,36,0
45,9,37,0
46,9,38,0
47,9,39,0
48,10,40,0
49,10,41,0
50,10,42,0
51,10,43,0
52,11,44,0
53,11,45,0
54,11,46,0
55,12,47,0
56,12,48,0
57,13,49,0
58,14,50,0
59,15,50,0
60,16,51,0
61,17,52,0
62,17,53,0
63,18,54,0
64,19,54,0
65,20,55,0
66,21,55,0
67,22,56,0
68,23,56,0
69,24,56,0
70,25,56,0
71,26,57,0
72,27,57,0
73,28,57,0
74,29,57,0
75,30,57,0
76,31,57,0
77,32,57,0
78,33,57,0
79,34,57,0
80,35,57,0
81,36,57,0
82,37,57,0
83,38,57,0
84,39,56,0
85,40,56,0
86,41,55,0
87,42,55,0
88,43,55,0
89,44,55,0
90,45,54,0
91,46,53,0
92,47,52,0
93,48,52,0
94,49,52,0
95,49,51,0
96,50,50,0
97,51,49,0
98,51,48,0
99,51,47,0
100,51,46,0
101,51,45,0
102,51,44,0
103,51,43,0
104,51,42,0
105,51,41,0
106,51,40,0
107,51,39,0
108,51,38,0
109,52,37,0
110,52,36,0
111,53,35,0
112,53,34,0
113,53,33,0
114,54,32,0
115,54,31,0
116,54,30,0
117,53,29,0
118,52,29,0
119,51,29,0
120,50,29,0
121,49,29,0
122,48,29,0
123,47,29,0
124,46,29,0
125,45,29,0
126,44,29,0
127,43,29,0
128,42,29,0
129,41,29,0
130,40,29,0
131,39,29,0
132,38,29,0
133,37,29,0
134,36,29,0
135,35,29,0
136,34,29,0
137,33,30,0
138,33,31,0
139,33,32,0
140,33,33,0
141,33,34,0
142,34,35,0
143,35,35,0
144,36,35,0
145,37,35,0
146,38,35,0
147,39,35,0
148,40,36,0
149,41,37,0
150,41,38,0
151,42,39,0
152,42,40,0
153,42,41,0
154,42,42,0
155,42,43,0
156,42,44,0
157,41,45,0
158,41,46,0
159,40,47,0
160,40,48,0
161,39,49,0
162,38,49,0
163,37,49,0
164,36,49,0
165,35,49,0
166,34,49,0
167,33,50,0
168,32,50,0
169,31,49,0
170,30,49,0
171,29,49,0
172,28,48,0
173,27,47,0
174,26,47,0
175,25,46,0
176,24,45,0
177,23,44,0
178,23,43,0
179,22,42,0
180,22,41,0
181,21,40,0
182,21,39,0
183,20,38,0
184,19,37,0
185,18,36,0
186,17,35,0
187,17,34,0
188,17,33,0
189,18,32,0
190,19,31,0
191,20,30,0
192,20,29,0
193,21,28,0
194,21,27,0
195,22,26,0
196,22,25,0
197,22,24,0
198,23,23,0
199,23,22,0
200,24,21,0
201,24,20,0
202,25,19,0
203,26,19,0
204,26,18,0
205,27,17,0
206,28,16,0
207,29,16,0
208,30,16,0
209,31,15,0
210,32,15,0
211,33,15,0
212,34,14,0
213,35,14,0
214,36,14,0
215,37,14,0
216,38,14,0
217,39,14,0
218,40,14,0
219,41,15,0
220,42,15,0
221,43,15,0
222,44,16,0
223,44,17,0
224,44,18,0
225,44,19,0
226,44,20,0
227,45,21,0
228,46,22,0
229,47,22,0
230,48,22,0
231,49,21,0
232,50,20,0
233,50,19,0
234,50,18,0
235,50,17,0
236,50,16,0
237,50,15,0
238,50,14,0
239,50,13,0
240,50,12,0
241,49,11,0
242,48,11,0
243,47,10,0
244,46,9,0
245,45,9,0
246,44,9,0
247,43,9,0
248,42,9,0
249,41,9,0
