,0,1,cont
0,42,11,0
1,42,12,0
2,42,13,0
3,43,13,0
4,44,14,0
5,45,15,0
6,46,15,0
7,47,16,0
8,48,17,0
9,49,18,0
10,49,19,0
11,49,20,0
12,49,21,0
13,50,22,0
14,51,22,0
15,52,22,0
16,53,22,0
17,54,22,0
18,54,21,0
19,55,20,0
20,55,19,0
21,55,18,0
22,55,17,0
23,55,16,0
24,55,15,0
25,54,14,0
26,53,13,0
27,52,13,0
28,51,12,0
29,50,12,0
30,49,11,0
31,48,11,0
32,47,11,0
33,46,11,0
34,45,11,0
35,44,11,0
36,43,11,0
0,29,9,1
1,28,10,1
2,27,10,1
3,26,10,1
4,25,10,1
5,24,11,1
6,23,12,1
7,22,12,1
8,21,13,1
9,20,13,1
10,19,14,1
11,18,14,1
12,17,15,1
13,16,16,1
14,15,16,1
15,14,17,1
16,14,18,1
17,13,19,1
18,13,20,1
19,12,21,1
20,11,22,1
21,11,23,1
22,10,24,1
23,10,25,1
24,10,26,1
25,10,27,1
26,9,28,1
27,9,29,1
28,9,30,1
29,9,31,1
30,9,32,1
31,9,33,1
32,9,34,1
33,9,35,1
34,9,36,1
35,9,37,1
36,9,38,1
37,9,39,1
38,10,40,1
39,10,41,1
40,10,42,1
41,11,43,1
42,11,44,1
43,12,45,1
44,12,46,1
45,13,46,1
46,14,47,1
47,15,48,1
48,16,49,1
49,17,50,1
50,18,50,1
51,19,51,1
52,20,51,1
53,21,52,1
54,22,53,1
55,23,53,1
56,24,53,1
57,25,53,1
58,26,54,1
59,27,55,1
60,28,55,1
61,29,56,1
62,30,56,1
63,31,56,1
64,32,56,1
65,33,56,1
66,34,56,1
67,35,56,1
68,36,56,1
69,37,56,1
70,38,56,1
71,39,55,1
72,40,55,1
73,41,55,1
74,42,54,1
75,43,54,1
76,44,54,1
77,45,54,1
78,46,53,1
79,47,53,1
80,48,52,1
81,49,52,1
82,50,51,1
83,51,51,1
84,52,51,1
85,52,50,1
86,53,49,1
87,53,48,1
88,53,47,1
89,53,46,1
90,53,45,1
91,53,44,1
92,54,43,1
93,54,42,1
94,54,41,1
95,54,40,1
96,54,39,1
97,54,38,1
98,54,37,1
99,55,36,1
100,55,35,1
101,55,34,1
102,56,33,1
103,57,33,1
104,57,32,1
105,57,31,1
106,56,31,1
107,55,31,1
108,54,31,1
109,53,31,1
110,52,30,1
111,51,30,1
112,50,30,1
113,49,31,1
114,48,31,1
115,47,30,1
116,46,30,1
117,45,29,1
118,44,29,1
119,43,28,1
120,42,28,1
121,41,28,1
122,40,27,1
123,39,27,1
124,38,27,1
125,37,27,1
126,36,27,1
127,35,28,1
128,35,29,1
129,35,30,1
130,35,31,1
131,35,32,1
132,36,33,1
133,37,34,1
134,38,35,1
135,39,35,1
136,40,35,1
137,41,35,1
138,42,35,1
139,43,35,1
140,44,36,1
141,44,37,1
142,44,38,1
143,44,39,1
144,44,40,1
145,44,41,1
146,44,42,1
147,44,43,1
148,44,44,1
149,43,45,1
150,43,46,1
151,42,47,1
152,42,48,1
153,41,49,1
154,40,49,1
155,39,49,1
156,38,49,1
157,37,49,1
158,36,49,1
159,35,49,1
160,34,49,1
161,33,49,1
162,32,49,1
163,31,49,1
164,30,48,1
165,29,47,1
166,28,47,1
167,27,46,1
168,26,45,1
169,25,44,1
170,24,43,1
171,24,42,1
172,24,41,1
173,23,40,1
174,23,39,1
175,22,38,1
176,22,37,1
177,21,36,1
178,21,35,1
179,21,34,1
180,21,33,1
181,21,32,1
182,20,31,1
183,20,30,1
184,21,29,1
185,21,28,1
186,21,27,1
187,21,26,1
188,22,25,1
189,22,24,1
190,23,23,1
191,24,22,1
192,24,21,1
193,25,20,1
194,26,19,1
195,26,18,1
196,27,17,1
197,27,16,1
198,28,15,1
199,29,14,1
200,30,14,1
201,31,14,1
202,32,13,1
203,33,13,1
204,34,13,1
205,35,12,1
206,36,12,1
207,37,11,1
208,38,12,1
209,39,12,1
210,40,12,1
211,40,11,1
212,40,10,1
213,39,10,1
214,38,10,1
215,37,9,1
216,36,9,1
217,35,9,1
218,34,9,1
219,33,9,1
220,32,9,1
221,31,9,1
222,30,9,1
