,0,1,cont
0,33,9,0
1,32,10,0
2,31,10,0
3,30,10,0
4,29,11,0
5,28,11,0
6,27,12,0
7,26,12,0
8,25,12,0
9,24,12,0
10,23,13,0
11,22,14,0
12,21,14,0
13,20,15,0
14,19,15,0
15,18,16,0
16,17,17,0
17,16,17,0
18,15,18,0
19,15,19,0
20,14,20,0
21,13,21,0
22,12,22,0
23,12,23,0
24,11,24,0
25,11,25,0
26,11,26,0
27,10,27,0
28,10,28,0
29,9,29,0
30,9,30,0
31,9,31,0
32,9,32,0
33,9,33,0
34,9,34,0
35,9,35,0
36,9,36,0
37,9,37,0
38,9,38,0
39,9,39,0
40,9,40,0
41,9,41,0
42,9,42,0
43,9,43,0
44,10,44,0
45,10,45,0
46,11,46,0
47,11,47,0
48,12,48,0
49,13,49,0
50,14,50,0
51,14,51,0
52,15,52,0
53,16,53,0
54,17,53,0
55,18,54,0
56,19,55,0
57,20,56,0
58,21,56,0
59,22,56,0
60,23,57,0
61,24,57,0
62,25,57,0
63,26,57,0
64,27,58,0
65,28,58,0
66,29,59,0
67,30,59,0
68,31,59,0
69,32,59,0
70,33,59,0
71,34,60,0
72,35,60,0
73,36,60,0
74,37,60,0
75,38,60,0
76,39,59,0
77,40,59,0
78,41,59,0
79,42,59,0
80,43,58,0
81,44,58,0
82,45,58,0
83,46,58,0
84,47,57,0
85,48,57,0
86,49,57,0
87,50,56,0
88,51,55,0
89,52,55,0
90,53,54,0
91,53,53,0
92,54,52,0
93,55,51,0
94,55,50,0
95,55,49,0
96,55,48,0
97,55,47,0
98,55,46,0
99,55,45,0
100,55,44,0
101,55,43,0
102,55,42,0
103,55,41,0
104,55,40,0
105,55,39,0
106,56,38,0
107,57,37,0
108,58,37,0
109,59,36,0
110,59,35,0
111,59,34,0
112,59,33,0
113,58,33,0
114,57,33,0
115,56,33,0
116,55,33,0
117,54,33,0
118,53,32,0
119,52,32,0
120,51,32,0
121,50,32,0
122,49,32,0
123,48,32,0
124,47,32,0
125,46,32,0
126,45,32,0
127,44,32,0
128,43,31,0
129,42,31,0
130,41,30,0
131,40,30,0
132,39,30,0
133,38,30,0
134,37,31,0
135,36,31,0
136,35,31,0
137,35,32,0
138,35,33,0
139,35,34,0
140,35,35,0
141,36,36,0
142,37,37,0
143,38,37,0
144,39,37,0
145,40,37,0
146,41,37,0
147,42,37,0
148,43,37,0
149,44,38,0
150,44,39,0
151,45,40,0
152,45,41,0
153,45,42,0
154,44,43,0
155,44,44,0
156,44,45,0
157,43,46,0
158,43,47,0
159,42,48,0
160,41,49,0
161,40,50,0
162,39,50,0
163,38,50,0
164,37,49,0
165,36,49,0
166,35,49,0
167,34,49,0
168,33,49,0
169,32,49,0
170,31,49,0
171,30,49,0
172,29,49,0
173,28,49,0
174,27,48,0
175,26,48,0
176,25,47,0
177,24,46,0
178,24,45,0
179,23,44,0
180,23,43,0
181,23,42,0
182,23,41,0
183,22,40,0
184,21,39,0
185,20,38,0
186,20,37,0
187,19,36,0
188,19,35,0
189,19,34,0
190,19,33,0
191,19,32,0
192,19,31,0
193,20,30,0
194,21,29,0
195,22,29,0
196,22,28,0
197,22,27,0
198,22,26,0
199,23,25,0
200,24,24,0
201,24,23,0
202,25,22,0
203,26,21,0
204,27,20,0
205,28,19,0
206,28,18,0
207,29,17,0
208,30,17,0
209,30,16,0
210,31,15,0
211,32,15,0
212,33,15,0
213,34,15,0
214,35,15,0
215,36,15,0
216,37,15,0
217,38,14,0
218,39,14,0
219,40,14,0
220,41,15,0
221,42,15,0
222,43,15,0
223,44,15,0
224,45,15,0
225,46,16,0
226,47,17,0
227,48,18,0
228,48,19,0
229,49,20,0
230,49,21,0
231,49,22,0
232,50,23,0
233,50,24,0
234,50,25,0
235,51,25,0
236,52,25,0
237,53,25,0
238,54,24,0
239,54,23,0
240,55,22,0
241,55,21,0
242,55,20,0
243,55,19,0
244,55,18,0
245,55,17,0
246,55,16,0
247,55,15,0
248,54,14,0
249,53,14,0
250,52,13,0
251,51,13,0
252,50,12,0
253,49,12,0
254,48,11,0
255,47,11,0
256,46,11,0
257,45,10,0
258,44,10,0
259,43,10,0
260,42,10,0
261,41,10,0
262,40,11,0
263,39,11,0
264,38,10,0
265,37,10,0
266,36,9,0
267,35,9,0
268,34,9,0
