,0,1,cont
0,33,21,0
1,32,22,0
2,32,23,0
3,31,24,0
4,31,25,0
5,31,26,0
6,31,27,0
7,30,28,0
8,29,28,0
9,28,28,0
10,28,29,0
11,28,30,0
12,28,31,0
13,29,31,0
14,30,31,0
15,31,31,0
16,31,30,0
17,31,29,0
18,31,28,0
19,32,27,0
20,33,28,0
21,34,28,0
22,35,28,0
23,36,27,0
24,36,26,0
25,37,25,0
26,38,25,0
27,39,25,0
28,40,25,0
29,41,25,0
30,42,25,0
31,42,24,0
32,42,23,0
33,42,22,0
34,41,21,0
35,40,21,0
36,39,21,0
37,38,21,0
38,37,21,0
39,36,21,0
40,35,21,0
41,34,21,0
0,36,9,1
1,35,10,1
2,34,10,1
3,33,10,1
4,32,10,1
5,31,10,1
6,30,10,1
7,29,10,1
8,28,10,1
9,27,10,1
10,26,11,1
11,25,11,1
12,24,11,1
13,23,11,1
14,22,11,1
15,21,12,1
16,20,12,1
17,19,13,1
18,18,13,1
19,17,14,1
20,16,15,1
21,15,16,1
22,14,17,1
23,13,17,1
24,12,17,1
25,11,17,1
26,10,17,1
27,10,18,1
28,10,19,1
29,10,20,1
30,10,21,1
31,10,22,1
32,10,23,1
33,10,24,1
34,10,25,1
35,10,26,1
36,9,27,1
37,9,28,1
38,9,29,1
39,9,30,1
40,9,31,1
41,9,32,1
42,9,33,1
43,9,34,1
44,9,35,1
45,9,36,1
46,9,37,1
47,9,38,1
48,9,39,1
49,9,40,1
50,10,41,1
51,10,42,1
52,10,43,1
53,11,44,1
54,12,45,1
55,13,46,1
56,13,47,1
57,14,48,1
58,15,49,1
59,16,49,1
60,17,50,1
61,18,50,1
62,19,51,1
63,20,51,1
64,21,52,1
65,21,53,1
66,22,53,1
67,23,53,1
68,24,53,1
69,25,53,1
70,26,53,1
71,27,53,1
72,28,53,1
73,29,53,1
74,30,53,1
75,31,53,1
76,32,53,1
77,33,53,1
78,34,54,1
79,35,54,1
80,36,54,1
81,37,54,1
82,38,54,1
83,39,54,1
84,40,54,1
85,41,53,1
86,42,53,1
87,43,52,1
88,44,52,1
89,45,52,1
90,46,51,1
91,47,51,1
92,48,51,1
93,49,50,1
94,49,49,1
95,49,48,1
96,50,47,1
97,51,46,1
98,51,45,1
99,52,44,1
100,52,43,1
101,52,42,1
102,51,41,1
103,51,40,1
104,51,39,1
105,52,38,1
106,52,37,1
107,52,36,1
108,52,35,1
109,52,34,1
110,52,33,1
111,52,32,1
112,51,31,1
113,50,30,1
114,49,30,1
115,48,30,1
116,47,30,1
117,46,30,1
118,45,30,1
119,44,31,1
120,43,31,1
121,42,31,1
122,41,31,1
123,40,31,1
124,39,31,1
125,38,32,1
126,37,32,1
127,37,33,1
128,37,34,1
129,37,35,1
130,38,36,1
131,39,36,1
132,40,36,1
133,41,37,1
134,42,38,1
135,43,39,1
136,43,40,1
137,43,41,1
138,42,42,1
139,41,43,1
140,40,43,1
141,39,43,1
142,38,43,1
143,37,43,1
144,36,43,1
145,35,43,1
146,34,43,1
147,33,43,1
148,32,43,1
149,31,43,1
150,30,43,1
151,29,43,1
152,28,43,1
153,27,43,1
154,26,43,1
155,25,42,1
156,24,42,1
157,23,41,1
158,23,40,1
159,22,39,1
160,22,38,1
161,21,37,1
162,21,36,1
163,21,35,1
164,20,34,1
165,20,33,1
166,20,32,1
167,20,31,1
168,20,30,1
169,20,29,1
170,20,28,1
171,20,27,1
172,21,26,1
173,21,25,1
174,22,24,1
175,22,23,1
176,22,22,1
177,23,21,1
178,24,20,1
179,25,19,1
180,26,18,1
181,27,17,1
182,28,17,1
183,29,17,1
184,30,16,1
185,31,16,1
186,32,16,1
187,33,16,1
188,34,16,1
189,35,16,1
190,36,15,1
191,37,15,1
192,38,15,1
193,39,15,1
194,40,15,1
195,41,16,1
196,42,16,1
197,43,16,1
198,44,17,1
199,44,18,1
200,44,19,1
201,45,20,1
202,45,21,1
203,46,22,1
204,47,23,1
205,48,24,1
206,49,24,1
207,50,24,1
208,51,23,1
209,52,22,1
210,52,21,1
211,52,20,1
212,52,19,1
213,52,18,1
214,51,17,1
215,51,16,1
216,51,15,1
217,51,14,1
218,50,13,1
219,49,13,1
220,48,12,1
221,47,12,1
222,46,12,1
223,45,11,1
224,44,11,1
225,43,10,1
226,42,10,1
227,41,10,1
228,40,10,1
229,39,10,1
230,38,9,1
231,37,9,1
