,0,1,cont
0,36,30,0
1,35,31,0
2,35,32,0
3,35,33,0
4,35,34,0
5,36,34,0
6,37,34,0
7,38,34,0
8,39,34,0
9,40,35,0
10,41,35,0
11,42,36,0
12,43,36,0
13,44,37,0
14,45,38,0
15,45,39,0
16,45,40,0
17,45,41,0
18,45,42,0
19,45,43,0
20,46,44,0
21,46,45,0
22,45,46,0
23,44,47,0
24,43,48,0
25,42,49,0
26,41,50,0
27,40,51,0
28,40,52,0
29,40,53,0
30,40,54,0
31,41,54,0
32,42,54,0
33,43,54,0
34,44,54,0
35,45,54,0
36,46,54,0
37,47,54,0
38,48,53,0
39,49,53,0
40,50,53,0
41,51,52,0
42,52,51,0
43,53,50,0
44,54,49,0
45,54,48,0
46,54,47,0
47,54,46,0
48,54,45,0
49,54,44,0
50,54,43,0
51,54,42,0
52,54,41,0
53,54,40,0
54,54,39,0
55,54,38,0
56,54,37,0
57,55,36,0
58,56,35,0
59,57,34,0
60,57,33,0
61,57,32,0
62,56,32,0
63,55,32,0
64,54,32,0
65,53,32,0
66,52,32,0
67,51,32,0
68,50,31,0
69,49,31,0
70,48,31,0
71,47,31,0
72,46,30,0
73,45,30,0
74,44,30,0
75,43,31,0
76,42,31,0
77,41,31,0
78,40,31,0
79,39,30,0
80,38,30,0
81,37,30,0
0,24,11,1
1,23,12,1
2,22,12,1
3,21,13,1
4,20,14,1
5,19,15,1
6,18,15,1
7,17,16,1
8,16,17,1
9,15,18,1
10,14,19,1
11,14,20,1
12,14,21,1
13,13,22,1
14,13,23,1
15,12,24,1
16,11,25,1
17,10,26,1
18,10,27,1
19,10,28,1
20,10,29,1
21,9,30,1
22,9,31,1
23,9,32,1
24,9,33,1
25,9,34,1
26,9,35,1
27,9,36,1
28,9,37,1
29,9,38,1
30,9,39,1
31,10,40,1
32,10,41,1
33,10,42,1
34,11,43,1
35,12,44,1
36,13,45,1
37,13,46,1
38,14,47,1
39,15,48,1
40,16,49,1
41,17,50,1
42,17,51,1
43,18,52,1
44,19,53,1
45,20,53,1
46,21,53,1
47,22,54,1
48,23,55,1
49,24,55,1
50,25,55,1
51,26,55,1
52,27,55,1
53,28,55,1
54,29,56,1
55,30,56,1
56,31,56,1
57,32,56,1
58,33,56,1
59,34,56,1
60,35,56,1
61,36,55,1
62,37,55,1
63,37,54,1
64,37,53,1
65,37,52,1
66,36,52,1
67,35,51,1
68,34,50,1
69,33,50,1
70,32,49,1
71,31,49,1
72,30,48,1
73,29,48,1
74,28,47,1
75,28,46,1
76,27,46,1
77,26,45,1
78,25,44,1
79,24,44,1
80,23,44,1
81,22,44,1
82,21,43,1
83,21,42,1
84,21,41,1
85,21,40,1
86,21,39,1
87,21,38,1
88,21,37,1
89,21,36,1
90,21,35,1
91,21,34,1
92,21,33,1
93,21,32,1
94,21,31,1
95,22,30,1
96,22,29,1
97,22,28,1
98,23,27,1
99,23,26,1
100,23,25,1
101,24,24,1
102,24,23,1
103,24,22,1
104,25,21,1
105,26,20,1
106,27,20,1
107,28,19,1
108,28,18,1
109,28,17,1
110,29,16,1
111,30,15,1
112,31,15,1
113,32,14,1
114,33,14,1
115,33,13,1
116,33,12,1
117,32,12,1
118,31,12,1
119,30,12,1
120,29,12,1
121,28,12,1
122,27,11,1
123,26,11,1
124,25,11,1
0,35,9,2
1,35,10,2
2,35,11,2
3,36,11,2
4,37,11,2
5,38,11,2
6,39,12,2
7,39,13,2
8,40,13,2
9,41,13,2
10,42,13,2
11,43,14,2
12,44,14,2
13,45,15,2
14,46,16,2
15,46,17,2
16,47,18,2
17,48,19,2
18,48,20,2
19,49,21,2
20,49,22,2
21,50,23,2
22,51,23,2
23,52,23,2
24,53,22,2
25,54,22,2
26,54,21,2
27,55,20,2
28,55,19,2
29,55,18,2
30,55,17,2
31,55,16,2
32,54,15,2
33,54,14,2
34,53,13,2
35,53,12,2
36,52,11,2
37,51,11,2
38,50,10,2
39,49,10,2
40,48,10,2
41,47,9,2
42,46,9,2
43,45,9,2
44,44,9,2
45,43,9,2
46,42,9,2
47,41,9,2
48,40,9,2
49,39,10,2
50,38,9,2
51,37,9,2
52,36,9,2
