,0,1,cont
0,57,47,0
1,57,48,0
2,57,49,0
3,58,49,0
4,59,49,0
5,59,48,0
6,59,47,0
7,58,47,0
0,32,9,1
1,31,10,1
2,30,10,1
3,29,10,1
4,28,10,1
5,27,10,1
6,26,11,1
7,25,11,1
8,24,12,1
9,23,12,1
10,22,13,1
11,21,13,1
12,20,14,1
13,19,15,1
14,18,16,1
15,17,17,1
16,16,18,1
17,15,19,1
18,14,20,1
19,14,21,1
20,13,22,1
21,12,23,1
22,12,24,1
23,11,25,1
24,11,26,1
25,10,27,1
26,10,28,1
27,10,29,1
28,10,30,1
29,9,31,1
30,9,32,1
31,9,33,1
32,9,34,1
33,9,35,1
34,10,36,1
35,10,37,1
36,10,38,1
37,10,39,1
38,10,40,1
39,10,41,1
40,10,42,1
41,11,43,1
42,11,44,1
43,12,45,1
44,12,46,1
45,12,47,1
46,13,48,1
47,13,49,1
48,14,50,1
49,15,51,1
50,15,52,1
51,16,53,1
52,17,53,1
53,18,54,1
54,19,54,1
55,20,54,1
56,21,55,1
57,22,55,1
58,23,56,1
59,24,57,1
60,25,57,1
61,26,58,1
62,27,58,1
63,28,58,1
64,29,59,1
65,30,59,1
66,31,59,1
67,32,59,1
68,33,59,1
69,34,60,1
70,35,60,1
71,36,60,1
72,37,60,1
73,38,60,1
74,39,60,1
75,40,60,1
76,41,60,1
77,42,60,1
78,43,60,1
79,44,60,1
80,45,60,1
81,46,60,1
82,47,59,1
83,48,59,1
84,49,59,1
85,50,59,1
86,51,58,1
87,52,57,1
88,53,56,1
89,53,55,1
90,54,54,1
91,54,53,1
92,54,52,1
93,54,51,1
94,54,50,1
95,54,49,1
96,54,48,1
97,54,47,1
98,54,46,1
99,54,45,1
100,54,44,1
101,54,43,1
102,54,42,1
103,54,41,1
104,55,40,1
105,55,39,1
106,56,38,1
107,56,37,1
108,56,36,1
109,56,35,1
110,56,34,1
111,55,34,1
112,54,34,1
113,53,34,1
114,52,34,1
115,51,34,1
116,50,34,1
117,49,34,1
118,48,34,1
119,47,34,1
120,46,34,1
121,45,34,1
122,44,34,1
123,43,34,1
124,42,34,1
125,41,34,1
126,40,34,1
127,39,34,1
128,38,34,1
129,38,35,1
130,38,36,1
131,38,37,1
132,39,38,1
133,39,39,1
134,40,40,1
135,41,40,1
136,42,41,1
137,43,41,1
138,44,42,1
139,44,43,1
140,44,44,1
141,44,45,1
142,44,46,1
143,43,47,1
144,43,48,1
145,42,49,1
146,41,50,1
147,40,51,1
148,39,51,1
149,38,52,1
150,37,52,1
151,36,52,1
152,35,52,1
153,34,52,1
154,33,52,1
155,32,51,1
156,31,50,1
157,30,50,1
158,29,49,1
159,28,49,1
160,27,48,1
161,26,47,1
162,26,46,1
163,25,45,1
164,25,44,1
165,25,43,1
166,25,42,1
167,24,41,1
168,23,40,1
169,23,39,1
170,22,38,1
171,22,37,1
172,22,36,1
173,22,35,1
174,22,34,1
175,22,33,1
176,22,32,1
177,22,31,1
178,22,30,1
179,22,29,1
180,22,28,1
181,23,27,1
182,23,26,1
183,24,25,1
184,25,24,1
185,26,23,1
186,27,22,1
187,28,21,1
188,28,20,1
189,29,19,1
190,30,18,1
191,31,17,1
192,32,17,1
193,33,17,1
194,34,16,1
195,35,16,1
196,36,16,1
197,37,15,1
198,38,15,1
199,39,15,1
200,40,15,1
201,41,15,1
202,42,16,1
203,43,16,1
204,44,16,1
205,45,17,1
206,46,18,1
207,46,19,1
208,47,20,1
209,48,21,1
210,49,22,1
211,50,22,1
212,51,22,1
213,52,22,1
214,53,22,1
215,54,22,1
216,55,22,1
217,56,21,1
218,56,20,1
219,56,19,1
220,56,18,1
221,56,17,1
222,55,16,1
223,55,15,1
224,55,14,1
225,54,13,1
226,53,12,1
227,52,12,1
228,51,12,1
229,50,11,1
230,49,11,1
231,48,10,1
232,47,10,1
233,46,10,1
234,45,10,1
235,44,9,1
236,43,9,1
237,42,9,1
238,41,9,1
239,40,9,1
240,39,9,1
241,38,9,1
242,37,9,1
243,36,9,1
244,35,9,1
245,34,9,1
246,33,9,1
