,0,1,cont
0,56,51,0
1,56,52,0
2,56,53,0
3,56,54,0
4,56,55,0
5,56,56,0
6,56,57,0
7,57,57,0
8,58,57,0
9,58,56,0
10,58,55,0
11,58,54,0
12,58,53,0
13,58,52,0
14,58,51,0
15,57,51,0
0,55,44,1
1,55,45,1
2,55,46,1
3,55,47,1
4,56,47,1
5,57,47,1
6,58,47,1
7,58,46,1
8,58,45,1
9,58,44,1
10,57,44,1
11,56,44,1
0,56,29,2
1,56,30,2
2,56,31,2
3,56,32,2
4,56,33,2
5,56,34,2
6,57,34,2
7,58,34,2
8,58,33,2
9,58,32,2
10,58,31,2
11,58,30,2
12,58,29,2
13,57,29,2
0,35,9,3
1,34,10,3
2,33,10,3
3,32,10,3
4,31,10,3
5,30,10,3
6,29,10,3
7,28,10,3
8,27,11,3
9,26,11,3
10,25,11,3
11,24,11,3
12,23,11,3
13,22,12,3
14,21,12,3
15,20,13,3
16,19,13,3
17,18,14,3
18,17,14,3
19,16,15,3
20,15,16,3
21,14,17,3
22,13,18,3
23,13,19,3
24,12,20,3
25,11,21,3
26,11,22,3
27,11,23,3
28,11,24,3
29,10,25,3
30,10,26,3
31,10,27,3
32,10,28,3
33,10,29,3
34,9,30,3
35,9,31,3
36,9,32,3
37,9,33,3
38,9,34,3
39,9,35,3
40,9,36,3
41,10,37,3
42,10,38,3
43,10,39,3
44,10,40,3
45,10,41,3
46,10,42,3
47,11,43,3
48,11,44,3
49,12,45,3
50,13,46,3
51,13,47,3
52,14,48,3
53,15,49,3
54,15,50,3
55,15,51,3
56,15,52,3
57,15,53,3
58,16,53,3
59,17,53,3
60,18,53,3
61,19,52,3
62,20,52,3
63,21,53,3
64,22,54,3
65,23,55,3
66,23,56,3
67,23,57,3
68,23,58,3
69,24,58,3
70,25,58,3
71,25,57,3
72,26,56,3
73,27,56,3
74,28,56,3
75,29,56,3
76,30,56,3
77,31,56,3
78,32,56,3
79,33,55,3
80,34,55,3
81,35,55,3
82,36,56,3
83,37,56,3
84,38,56,3
85,39,56,3
86,40,56,3
87,41,56,3
88,42,56,3
89,43,55,3
90,44,55,3
91,45,55,3
92,46,54,3
93,47,54,3
94,48,54,3
95,49,54,3
96,50,53,3
97,50,52,3
98,51,51,3
99,51,50,3
100,52,49,3
101,52,48,3
102,52,47,3
103,52,46,3
104,53,45,3
105,53,44,3
106,53,43,3
107,53,42,3
108,53,41,3
109,53,40,3
110,53,39,3
111,53,38,3
112,53,37,3
113,53,36,3
114,53,35,3
115,53,34,3
116,53,33,3
117,52,32,3
118,51,32,3
119,50,32,3
120,49,32,3
121,48,32,3
122,47,32,3
123,46,32,3
124,45,32,3
125,44,33,3
126,43,33,3
127,42,32,3
128,41,32,3
129,40,32,3
130,39,32,3
131,38,32,3
132,37,32,3
133,36,33,3
134,35,34,3
135,35,35,3
136,35,36,3
137,36,37,3
138,37,37,3
139,38,37,3
140,39,37,3
141,40,38,3
142,41,38,3
143,42,39,3
144,42,40,3
145,42,41,3
146,42,42,3
147,42,43,3
148,41,44,3
149,40,45,3
150,39,46,3
151,38,47,3
152,37,48,3
153,36,48,3
154,35,48,3
155,34,48,3
156,33,48,3
157,32,48,3
158,31,47,3
159,30,46,3
160,29,45,3
161,28,45,3
162,27,44,3
163,27,43,3
164,27,42,3
165,27,41,3
166,27,40,3
167,27,39,3
168,27,38,3
169,27,37,3
170,26,36,3
171,25,36,3
172,24,36,3
173,23,36,3
174,22,35,3
175,22,34,3
176,22,33,3
177,22,32,3
178,22,31,3
179,22,30,3
180,22,29,3
181,22,28,3
182,22,27,3
183,22,26,3
184,23,25,3
185,23,24,3
186,24,23,3
187,25,22,3
188,25,21,3
189,26,20,3
190,27,19,3
191,28,18,3
192,29,17,3
193,30,17,3
194,31,16,3
195,32,16,3
196,33,16,3
197,34,16,3
198,35,16,3
199,36,17,3
200,37,18,3
201,36,19,3
202,35,20,3
203,34,20,3
204,33,20,3
205,32,21,3
206,32,22,3
207,32,23,3
208,32,24,3
209,32,25,3
210,32,26,3
211,31,27,3
212,30,27,3
213,29,27,3
214,28,27,3
215,27,28,3
216,27,29,3
217,27,30,3
218,28,31,3
219,29,32,3
220,30,32,3
221,31,32,3
222,32,32,3
223,33,32,3
224,33,31,3
225,33,30,3
226,34,29,3
227,35,29,3
228,36,29,3
229,37,29,3
230,38,28,3
231,39,27,3
232,40,26,3
233,41,25,3
234,42,24,3
235,42,23,3
236,43,22,3
237,44,21,3
238,45,22,3
239,46,23,3
240,46,24,3
241,47,24,3
242,48,24,3
243,49,24,3
244,50,24,3
245,51,23,3
246,52,22,3
247,52,21,3
248,52,20,3
249,52,19,3
250,52,18,3
251,52,17,3
252,51,16,3
253,51,15,3
254,51,14,3
255,50,13,3
256,49,12,3
257,48,12,3
258,47,11,3
259,46,11,3
260,45,11,3
261,44,11,3
262,43,11,3
263,42,10,3
264,41,10,3
265,40,10,3
266,39,10,3
267,38,10,3
268,37,9,3
269,36,9,3
