,0,1,cont
0,29,9,0
1,28,10,0
2,27,10,0
3,26,11,0
4,25,11,0
5,24,12,0
6,23,12,0
7,22,12,0
8,21,13,0
9,20,14,0
10,19,15,0
11,18,15,0
12,17,16,0
13,16,17,0
14,15,18,0
15,14,19,0
16,14,20,0
17,13,21,0
18,13,22,0
19,12,23,0
20,12,24,0
21,11,25,0
22,11,26,0
23,11,27,0
24,11,28,0
25,10,29,0
26,10,30,0
27,10,31,0
28,9,32,0
29,9,33,0
30,9,34,0
31,9,35,0
32,10,36,0
33,10,37,0
34,10,38,0
35,11,39,0
36,11,40,0
37,11,41,0
38,12,42,0
39,11,43,0
40,11,44,0
41,11,45,0
42,12,46,0
43,12,47,0
44,12,48,0
45,13,49,0
46,14,50,0
47,14,51,0
48,15,52,0
49,15,53,0
50,16,54,0
51,17,55,0
52,17,56,0
53,18,56,0
54,19,57,0
55,20,57,0
56,21,58,0
57,22,58,0
58,23,58,0
59,24,58,0
60,25,59,0
61,26,59,0
62,27,60,0
63,28,60,0
64,29,60,0
65,30,60,0
66,31,61,0
67,32,61,0
68,33,61,0
69,34,61,0
70,35,60,0
71,36,60,0
72,37,60,0
73,38,60,0
74,39,60,0
75,40,60,0
76,41,60,0
77,42,59,0
78,43,59,0
79,44,59,0
80,45,59,0
81,46,59,0
82,47,58,0
83,48,57,0
84,49,56,0
85,49,55,0
86,49,54,0
87,50,53,0
88,50,52,0
89,50,51,0
90,50,50,0
91,50,49,0
92,50,48,0
93,50,47,0
94,50,46,0
95,50,45,0
96,51,44,0
97,52,43,0
98,52,42,0
99,52,41,0
100,52,40,0
101,52,39,0
102,52,38,0
103,52,37,0
104,52,36,0
105,51,36,0
106,50,36,0
107,49,36,0
108,48,35,0
109,47,35,0
110,46,35,0
111,45,35,0
112,44,35,0
113,43,35,0
114,42,35,0
115,41,35,0
116,40,36,0
117,39,35,0
118,38,35,0
119,37,35,0
120,36,36,0
121,35,36,0
122,34,37,0
123,34,38,0
124,34,39,0
125,35,40,0
126,35,41,0
127,36,42,0
128,37,42,0
129,38,43,0
130,39,44,0
131,38,45,0
132,38,46,0
133,38,47,0
134,37,48,0
135,36,49,0
136,35,50,0
137,34,51,0
138,33,51,0
139,32,52,0
140,31,52,0
141,30,52,0
142,29,52,0
143,28,51,0
144,27,50,0
145,26,49,0
146,25,48,0
147,25,47,0
148,24,46,0
149,24,45,0
150,24,44,0
151,23,43,0
152,23,42,0
153,23,41,0
154,22,40,0
155,22,39,0
156,22,38,0
157,22,37,0
158,22,36,0
159,22,35,0
160,22,34,0
161,22,33,0
162,23,32,0
163,23,31,0
164,23,30,0
165,23,29,0
166,23,28,0
167,23,27,0
168,23,26,0
169,23,25,0
170,24,24,0
171,25,23,0
172,26,23,0
173,27,23,0
174,28,22,0
175,29,21,0
176,30,20,0
177,31,19,0
178,32,18,0
179,33,18,0
180,34,17,0
181,35,17,0
182,36,17,0
183,37,17,0
184,38,18,0
185,39,18,0
186,40,18,0
187,41,19,0
188,42,20,0
189,43,21,0
190,44,22,0
191,45,23,0
192,45,24,0
193,46,24,0
194,47,24,0
195,48,24,0
196,49,24,0
197,50,24,0
198,51,23,0
199,52,22,0
200,52,21,0
201,53,20,0
202,53,19,0
203,53,18,0
204,53,17,0
205,53,16,0
206,53,15,0
207,53,14,0
208,52,13,0
209,51,13,0
210,50,12,0
211,49,11,0
212,48,11,0
213,47,11,0
214,46,10,0
215,45,10,0
216,44,10,0
217,43,10,0
218,42,9,0
219,41,9,0
220,40,9,0
221,39,9,0
222,38,9,0
223,37,9,0
224,36,9,0
225,35,9,0
226,34,9,0
227,33,9,0
228,32,9,0
229,31,9,0
230,30,9,0
