,0,1,cont
0,32,9,0
1,31,10,0
2,30,10,0
3,29,10,0
4,28,10,0
5,27,10,0
6,26,11,0
7,25,11,0
8,24,11,0
9,23,11,0
10,22,12,0
11,21,12,0
12,20,13,0
13,19,14,0
14,18,15,0
15,17,16,0
16,16,16,0
17,16,17,0
18,15,18,0
19,14,19,0
20,13,20,0
21,13,21,0
22,13,22,0
23,13,23,0
24,12,24,0
25,11,25,0
26,11,26,0
27,10,27,0
28,10,28,0
29,10,29,0
30,10,30,0
31,10,31,0
32,9,32,0
33,9,33,0
34,9,34,0
35,9,35,0
36,10,36,0
37,10,37,0
38,10,38,0
39,10,39,0
40,10,40,0
41,11,41,0
42,11,42,0
43,11,43,0
44,11,44,0
45,11,45,0
46,12,46,0
47,12,47,0
48,13,48,0
49,14,49,0
50,14,50,0
51,15,50,0
52,16,51,0
53,16,52,0
54,17,53,0
55,18,54,0
56,19,55,0
57,20,55,0
58,21,56,0
59,22,56,0
60,23,57,0
61,24,58,0
62,25,58,0
63,26,58,0
64,27,58,0
65,28,58,0
66,29,59,0
67,30,59,0
68,31,59,0
69,32,59,0
70,33,59,0
71,34,58,0
72,35,58,0
73,36,59,0
74,37,59,0
75,38,59,0
76,39,59,0
77,40,58,0
78,41,58,0
79,42,58,0
80,43,58,0
81,44,58,0
82,45,57,0
83,46,57,0
84,47,57,0
85,48,56,0
86,49,56,0
87,50,56,0
88,51,56,0
89,52,55,0
90,53,54,0
91,54,53,0
92,55,52,0
93,56,51,0
94,56,50,0
95,57,49,0
96,57,48,0
97,57,47,0
98,57,46,0
99,57,45,0
100,57,44,0
101,57,43,0
102,57,42,0
103,57,41,0
104,56,40,0
105,56,39,0
106,57,38,0
107,58,37,0
108,58,36,0
109,59,35,0
110,59,34,0
111,60,33,0
112,60,32,0
113,60,31,0
114,59,30,0
115,58,30,0
116,57,30,0
117,56,30,0
118,55,30,0
119,54,30,0
120,53,30,0
121,52,30,0
122,51,30,0
123,50,30,0
124,49,30,0
125,48,30,0
126,47,30,0
127,46,30,0
128,45,30,0
129,44,30,0
130,43,29,0
131,42,29,0
132,41,29,0
133,40,29,0
134,39,29,0
135,38,29,0
136,37,29,0
137,36,30,0
138,35,31,0
139,35,32,0
140,35,33,0
141,35,34,0
142,36,35,0
143,37,36,0
144,38,37,0
145,39,37,0
146,40,37,0
147,41,37,0
148,42,37,0
149,43,36,0
150,44,37,0
151,44,38,0
152,45,39,0
153,45,40,0
154,45,41,0
155,45,42,0
156,45,43,0
157,45,44,0
158,45,45,0
159,45,46,0
160,44,47,0
161,43,48,0
162,43,49,0
163,42,50,0
164,41,50,0
165,40,51,0
166,39,51,0
167,38,52,0
168,37,51,0
169,36,51,0
170,35,50,0
171,34,50,0
172,33,50,0
173,32,49,0
174,31,49,0
175,30,48,0
176,29,47,0
177,28,46,0
178,27,45,0
179,26,44,0
180,25,44,0
181,24,43,0
182,23,43,0
183,22,43,0
184,21,42,0
185,20,41,0
186,19,40,0
187,19,39,0
188,19,38,0
189,18,37,0
190,18,36,0
191,17,35,0
192,17,34,0
193,18,33,0
194,19,33,0
195,19,32,0
196,20,31,0
197,21,31,0
198,21,30,0
199,22,29,0
200,23,28,0
201,24,27,0
202,24,26,0
203,24,25,0
204,25,24,0
205,25,23,0
206,26,22,0
207,27,21,0
208,28,20,0
209,29,20,0
210,30,19,0
211,31,18,0
212,32,17,0
213,33,17,0
214,34,16,0
215,35,15,0
216,36,14,0
217,37,14,0
218,38,13,0
219,39,13,0
220,40,13,0
221,41,13,0
222,42,13,0
223,43,13,0
224,44,14,0
225,45,15,0
226,46,16,0
227,47,17,0
228,48,18,0
229,49,19,0
230,49,20,0
231,49,21,0
232,50,22,0
233,51,23,0
234,52,23,0
235,53,23,0
236,54,23,0
237,55,22,0
238,55,21,0
239,55,20,0
240,55,19,0
241,55,18,0
242,55,17,0
243,55,16,0
244,55,15,0
245,55,14,0
246,55,13,0
247,55,12,0
248,54,11,0
249,53,11,0
250,52,10,0
251,51,10,0
252,50,10,0
253,49,10,0
254,48,10,0
255,47,9,0
256,46,9,0
257,45,9,0
258,44,9,0
259,43,9,0
260,42,9,0
261,41,9,0
262,40,9,0
263,39,9,0
264,38,9,0
265,37,9,0
266,36,9,0
267,35,9,0
268,34,9,0
269,33,9,0
