,0,1,cont
0,36,9,0
1,35,10,0
2,34,10,0
3,33,11,0
4,32,11,0
5,31,11,0
6,30,11,0
7,29,11,0
8,28,11,0
9,27,12,0
10,26,12,0
11,25,13,0
12,24,13,0
13,23,14,0
14,22,15,0
15,21,16,0
16,20,17,0
17,19,18,0
18,18,18,0
19,17,19,0
20,16,19,0
21,15,20,0
22,14,20,0
23,13,21,0
24,13,22,0
25,12,23,0
26,11,24,0
27,11,25,0
28,11,26,0
29,10,27,0
30,10,28,0
31,10,29,0
32,10,30,0
33,10,31,0
34,10,32,0
35,9,33,0
36,9,34,0
37,9,35,0
38,10,36,0
39,10,37,0
40,10,38,0
41,10,39,0
42,10,40,0
43,10,41,0
44,10,42,0
45,10,43,0
46,10,44,0
47,11,45,0
48,11,46,0
49,11,47,0
50,12,48,0
51,13,49,0
52,14,50,0
53,15,51,0
54,16,52,0
55,16,53,0
56,17,54,0
57,18,55,0
58,19,56,0
59,20,56,0
60,21,57,0
61,22,57,0
62,23,57,0
63,24,57,0
64,25,57,0
65,26,56,0
66,27,55,0
67,28,55,0
68,29,54,0
69,30,53,0
70,31,53,0
71,32,54,0
72,33,55,0
73,34,56,0
74,35,57,0
75,35,58,0
76,35,59,0
77,36,60,0
78,37,60,0
79,38,60,0
80,39,60,0
81,40,60,0
82,41,60,0
83,42,60,0
84,43,60,0
85,44,59,0
86,45,59,0
87,46,58,0
88,47,58,0
89,48,57,0
90,49,56,0
91,50,56,0
92,51,55,0
93,52,54,0
94,53,53,0
95,53,52,0
96,53,51,0
97,54,50,0
98,54,49,0
99,54,48,0
100,54,47,0
101,54,46,0
102,54,45,0
103,54,44,0
104,54,43,0
105,54,42,0
106,54,41,0
107,54,40,0
108,54,39,0
109,54,38,0
110,55,37,0
111,56,36,0
112,56,35,0
113,56,34,0
114,56,33,0
115,56,32,0
116,56,31,0
117,55,30,0
118,54,29,0
119,53,29,0
120,52,29,0
121,51,29,0
122,50,29,0
123,49,29,0
124,48,29,0
125,47,29,0
126,46,29,0
127,45,29,0
128,44,29,0
129,43,29,0
130,42,29,0
131,41,29,0
132,40,28,0
133,39,28,0
134,38,28,0
135,37,28,0
136,36,28,0
137,36,29,0
138,35,30,0
139,35,31,0
140,35,32,0
141,35,33,0
142,35,34,0
143,35,35,0
144,35,36,0
145,36,36,0
146,37,36,0
147,38,36,0
148,39,36,0
149,40,36,0
150,41,36,0
151,42,36,0
152,43,36,0
153,44,37,0
154,44,38,0
155,44,39,0
156,44,40,0
157,44,41,0
158,44,42,0
159,44,43,0
160,44,44,0
161,44,45,0
162,43,46,0
163,43,47,0
164,42,48,0
165,42,49,0
166,42,50,0
167,41,51,0
168,40,51,0
169,39,50,0
170,38,49,0
171,38,48,0
172,37,47,0
173,37,46,0
174,36,45,0
175,35,44,0
176,34,44,0
177,33,44,0
178,32,44,0
179,31,44,0
180,30,44,0
181,29,44,0
182,28,44,0
183,27,44,0
184,26,44,0
185,25,43,0
186,24,42,0
187,23,41,0
188,22,40,0
189,22,39,0
190,21,38,0
191,20,37,0
192,19,36,0
193,18,35,0
194,18,34,0
195,18,33,0
196,19,32,0
197,20,31,0
198,21,30,0
199,22,29,0
200,22,28,0
201,23,27,0
202,23,26,0
203,24,25,0
204,24,24,0
205,25,23,0
206,26,22,0
207,27,21,0
208,28,20,0
209,29,20,0
210,30,19,0
211,31,18,0
212,32,18,0
213,33,17,0
214,34,17,0
215,35,16,0
216,36,15,0
217,37,15,0
218,38,15,0
219,39,16,0
220,40,16,0
221,41,16,0
222,42,17,0
223,43,17,0
224,44,17,0
225,45,18,0
226,46,19,0
227,47,20,0
228,47,21,0
229,48,22,0
230,48,23,0
231,48,24,0
232,49,24,0
233,50,24,0
234,51,24,0
235,52,24,0
236,53,23,0
237,53,22,0
238,53,21,0
239,53,20,0
240,53,19,0
241,53,18,0
242,53,17,0
243,53,16,0
244,53,15,0
245,53,14,0
246,53,13,0
247,52,12,0
248,51,11,0
249,50,11,0
250,49,11,0
251,48,11,0
252,47,10,0
253,46,10,0
254,45,10,0
255,44,10,0
256,43,9,0
257,42,9,0
258,41,9,0
259,40,9,0
260,39,9,0
261,38,9,0
262,37,9,0
