,0,1,cont
0,32,9,0
1,31,10,0
2,30,10,0
3,29,10,0
4,28,11,0
5,27,11,0
6,26,11,0
7,25,12,0
8,24,13,0
9,23,13,0
10,22,14,0
11,21,14,0
12,20,15,0
13,19,16,0
14,18,17,0
15,17,18,0
16,16,19,0
17,15,20,0
18,14,20,0
19,13,21,0
20,12,22,0
21,12,23,0
22,11,24,0
23,11,25,0
24,11,26,0
25,10,27,0
26,10,28,0
27,10,29,0
28,10,30,0
29,10,31,0
30,10,32,0
31,10,33,0
32,10,34,0
33,9,35,0
34,9,36,0
35,9,37,0
36,10,38,0
37,10,39,0
38,10,40,0
39,11,41,0
40,11,42,0
41,11,43,0
42,11,44,0
43,12,45,0
44,12,46,0
45,12,47,0
46,13,48,0
47,13,49,0
48,14,50,0
49,14,51,0
50,15,52,0
51,15,53,0
52,16,54,0
53,17,55,0
54,18,55,0
55,19,56,0
56,20,56,0
57,21,56,0
58,22,57,0
59,23,57,0
60,24,58,0
61,25,58,0
62,26,58,0
63,27,59,0
64,28,59,0
65,29,59,0
66,30,59,0
67,31,59,0
68,32,59,0
69,33,59,0
70,34,59,0
71,35,59,0
72,36,59,0
73,37,59,0
74,38,59,0
75,39,59,0
76,40,59,0
77,41,59,0
78,42,59,0
79,43,59,0
80,44,58,0
81,45,58,0
82,46,57,0
83,47,57,0
84,48,57,0
85,49,56,0
86,50,56,0
87,51,55,0
88,52,54,0
89,53,53,0
90,54,52,0
91,54,51,0
92,54,50,0
93,54,49,0
94,54,48,0
95,54,47,0
96,54,46,0
97,54,45,0
98,54,44,0
99,54,43,0
100,54,42,0
101,54,41,0
102,54,40,0
103,54,39,0
104,54,38,0
105,55,37,0
106,55,36,0
107,55,35,0
108,55,34,0
109,55,33,0
110,55,32,0
111,54,32,0
112,53,32,0
113,52,32,0
114,51,32,0
115,50,32,0
116,49,32,0
117,48,32,0
118,47,32,0
119,46,32,0
120,45,33,0
121,44,33,0
122,43,32,0
123,42,32,0
124,41,31,0
125,40,31,0
126,39,31,0
127,38,31,0
128,37,31,0
129,36,31,0
130,35,32,0
131,35,33,0
132,35,34,0
133,35,35,0
134,35,36,0
135,36,37,0
136,37,37,0
137,38,37,0
138,39,37,0
139,40,37,0
140,41,37,0
141,42,37,0
142,43,37,0
143,44,38,0
144,45,39,0
145,45,40,0
146,45,41,0
147,45,42,0
148,45,43,0
149,45,44,0
150,44,45,0
151,44,46,0
152,44,47,0
153,44,48,0
154,44,49,0
155,43,50,0
156,43,51,0
157,42,52,0
158,41,53,0
159,40,54,0
160,39,54,0
161,38,53,0
162,37,53,0
163,36,53,0
164,35,53,0
165,34,53,0
166,33,53,0
167,32,53,0
168,31,53,0
169,30,53,0
170,29,52,0
171,28,52,0
172,27,51,0
173,26,50,0
174,25,49,0
175,24,48,0
176,23,47,0
177,22,46,0
178,22,45,0
179,22,44,0
180,21,43,0
181,20,42,0
182,20,41,0
183,20,40,0
184,20,39,0
185,20,38,0
186,20,37,0
187,20,36,0
188,20,35,0
189,20,34,0
190,21,33,0
191,21,32,0
192,22,31,0
193,22,30,0
194,22,29,0
195,22,28,0
196,23,27,0
197,23,26,0
198,23,25,0
199,23,24,0
200,23,23,0
201,24,22,0
202,24,21,0
203,25,20,0
204,26,19,0
205,27,18,0
206,28,17,0
207,29,17,0
208,30,17,0
209,31,16,0
210,32,16,0
211,33,15,0
212,34,14,0
213,35,14,0
214,36,13,0
215,37,13,0
216,38,12,0
217,39,13,0
218,40,13,0
219,41,13,0
220,42,13,0
221,43,14,0
222,44,14,0
223,45,14,0
224,46,15,0
225,47,16,0
226,48,17,0
227,48,18,0
228,49,19,0
229,49,20,0
230,49,21,0
231,50,22,0
232,50,23,0
233,51,23,0
234,52,23,0
235,53,23,0
236,53,22,0
237,54,21,0
238,54,20,0
239,54,19,0
240,54,18,0
241,54,17,0
242,54,16,0
243,54,15,0
244,53,14,0
245,53,13,0
246,52,13,0
247,51,12,0
248,50,11,0
249,49,11,0
250,48,11,0
251,47,11,0
252,46,11,0
253,45,11,0
254,44,10,0
255,43,10,0
256,42,10,0
257,41,10,0
258,40,10,0
259,39,10,0
260,38,10,0
261,37,9,0
262,36,9,0
263,35,9,0
264,34,9,0
265,33,9,0
