,0,1,cont
0,31,9,0
1,30,10,0
2,29,10,0
3,28,10,0
4,27,10,0
5,26,10,0
6,25,11,0
7,24,11,0
8,23,12,0
9,22,12,0
10,21,13,0
11,20,14,0
12,19,14,0
13,18,15,0
14,17,16,0
15,16,16,0
16,16,17,0
17,15,18,0
18,15,19,0
19,14,20,0
20,13,21,0
21,12,22,0
22,11,23,0
23,11,24,0
24,10,25,0
25,10,26,0
26,10,27,0
27,10,28,0
28,10,29,0
29,10,30,0
30,9,31,0
31,9,32,0
32,9,33,0
33,9,34,0
34,9,35,0
35,9,36,0
36,9,37,0
37,9,38,0
38,9,39,0
39,9,40,0
40,9,41,0
41,9,42,0
42,9,43,0
43,10,44,0
44,10,45,0
45,10,46,0
46,10,47,0
47,10,48,0
48,11,49,0
49,11,50,0
50,12,51,0
51,13,52,0
52,14,53,0
53,14,54,0
54,15,55,0
55,16,56,0
56,17,56,0
57,18,56,0
58,19,57,0
59,20,58,0
60,21,59,0
61,22,59,0
62,23,59,0
63,24,60,0
64,25,60,0
65,26,61,0
66,27,62,0
67,28,62,0
68,29,62,0
69,30,62,0
70,31,62,0
71,32,62,0
72,33,62,0
73,34,62,0
74,35,61,0
75,36,61,0
76,37,61,0
77,38,60,0
78,39,60,0
79,40,60,0
80,41,60,0
81,42,60,0
82,43,59,0
83,44,59,0
84,45,59,0
85,46,58,0
86,47,58,0
87,48,57,0
88,49,56,0
89,50,55,0
90,51,54,0
91,51,53,0
92,51,52,0
93,51,51,0
94,51,50,0
95,51,49,0
96,51,48,0
97,52,47,0
98,52,46,0
99,52,45,0
100,52,44,0
101,52,43,0
102,52,42,0
103,51,41,0
104,51,40,0
105,52,39,0
106,53,38,0
107,53,37,0
108,53,36,0
109,53,35,0
110,53,34,0
111,52,33,0
112,51,33,0
113,50,33,0
114,49,33,0
115,48,33,0
116,47,33,0
117,46,33,0
118,45,33,0
119,44,33,0
120,43,33,0
121,42,33,0
122,41,33,0
123,40,32,0
124,39,32,0
125,38,32,0
126,37,32,0
127,36,32,0
128,35,32,0
129,34,32,0
130,33,32,0
131,32,32,0
132,32,33,0
133,32,34,0
134,32,35,0
135,32,36,0
136,32,37,0
137,32,38,0
138,33,39,0
139,34,39,0
140,35,39,0
141,36,39,0
142,37,39,0
143,38,39,0
144,39,39,0
145,40,40,0
146,41,41,0
147,41,42,0
148,41,43,0
149,41,44,0
150,41,45,0
151,41,46,0
152,41,47,0
153,40,48,0
154,40,49,0
155,39,50,0
156,38,51,0
157,37,52,0
158,36,52,0
159,35,53,0
160,34,53,0
161,33,53,0
162,32,53,0
163,31,52,0
164,30,52,0
165,29,51,0
166,28,51,0
167,27,51,0
168,26,51,0
169,25,51,0
170,24,50,0
171,23,49,0
172,23,48,0
173,22,47,0
174,22,46,0
175,22,45,0
176,21,44,0
177,21,43,0
178,21,42,0
179,20,41,0
180,20,40,0
181,19,39,0
182,19,38,0
183,18,37,0
184,18,36,0
185,17,35,0
186,18,34,0
187,19,34,0
188,20,33,0
189,20,32,0
190,20,31,0
191,21,30,0
192,21,29,0
193,21,28,0
194,22,27,0
195,22,26,0
196,23,25,0
197,24,24,0
198,25,23,0
199,26,22,0
200,26,21,0
201,27,20,0
202,28,19,0
203,29,18,0
204,30,17,0
205,31,17,0
206,32,17,0
207,33,17,0
208,34,17,0
209,35,17,0
210,36,17,0
211,37,16,0
212,38,17,0
213,39,17,0
214,40,17,0
215,41,18,0
216,42,19,0
217,43,20,0
218,44,21,0
219,44,22,0
220,44,23,0
221,45,24,0
222,45,25,0
223,45,26,0
224,46,26,0
225,47,26,0
226,48,26,0
227,49,26,0
228,50,25,0
229,50,24,0
230,51,23,0
231,51,22,0
232,51,21,0
233,51,20,0
234,51,19,0
235,51,18,0
236,51,17,0
237,51,16,0
238,50,15,0
239,50,14,0
240,49,13,0
241,48,12,0
242,47,11,0
243,46,11,0
244,45,10,0
245,44,10,0
246,43,10,0
247,42,10,0
248,41,10,0
249,40,10,0
250,39,10,0
251,38,9,0
252,37,9,0
253,36,9,0
254,35,9,0
255,34,9,0
256,33,9,0
257,32,9,0
