,0,1,cont
0,31,22,0
1,30,23,0
2,30,24,0
3,30,25,0
4,30,26,0
5,30,27,0
6,31,27,0
7,32,27,0
8,33,27,0
9,34,27,0
10,35,27,0
11,36,27,0
12,37,27,0
13,38,26,0
14,38,25,0
15,38,24,0
16,38,23,0
17,37,22,0
18,36,22,0
19,35,22,0
20,34,22,0
21,33,22,0
22,32,22,0
0,29,9,1
1,28,10,1
2,27,10,1
3,26,10,1
4,25,10,1
5,24,10,1
6,23,10,1
7,22,11,1
8,21,11,1
9,20,11,1
10,19,12,1
11,18,12,1
12,17,13,1
13,16,14,1
14,15,14,1
15,14,15,1
16,14,16,1
17,13,17,1
18,13,18,1
19,12,19,1
20,12,20,1
21,11,21,1
22,11,22,1
23,10,23,1
24,10,24,1
25,10,25,1
26,9,26,1
27,9,27,1
28,9,28,1
29,9,29,1
30,9,30,1
31,9,31,1
32,9,32,1
33,9,33,1
34,9,34,1
35,9,35,1
36,10,36,1
37,10,37,1
38,10,38,1
39,10,39,1
40,10,40,1
41,11,41,1
42,11,42,1
43,11,43,1
44,12,44,1
45,12,45,1
46,13,46,1
47,14,46,1
48,15,47,1
49,16,48,1
50,17,49,1
51,18,50,1
52,19,50,1
53,20,51,1
54,20,52,1
55,21,52,1
56,22,52,1
57,23,53,1
58,24,54,1
59,25,54,1
60,26,54,1
61,27,54,1
62,28,55,1
63,29,55,1
64,30,55,1
65,31,55,1
66,32,55,1
67,33,55,1
68,34,55,1
69,35,55,1
70,36,56,1
71,37,56,1
72,38,56,1
73,39,56,1
74,40,56,1
75,41,56,1
76,42,55,1
77,43,55,1
78,44,55,1
79,45,55,1
80,46,54,1
81,47,54,1
82,48,54,1
83,49,53,1
84,50,53,1
85,51,52,1
86,52,52,1
87,53,51,1
88,53,50,1
89,53,49,1
90,53,48,1
91,53,47,1
92,53,46,1
93,53,45,1
94,53,44,1
95,53,43,1
96,53,42,1
97,53,41,1
98,53,40,1
99,53,39,1
100,53,38,1
101,53,37,1
102,53,36,1
103,53,35,1
104,53,34,1
105,53,33,1
106,53,32,1
107,53,31,1
108,53,30,1
109,52,29,1
110,51,29,1
111,50,29,1
112,49,29,1
113,48,29,1
114,47,30,1
115,46,30,1
116,45,31,1
117,44,31,1
118,43,32,1
119,42,32,1
120,41,32,1
121,40,32,1
122,39,33,1
123,38,33,1
124,37,33,1
125,36,33,1
126,35,33,1
127,34,32,1
128,34,31,1
129,33,30,1
130,32,30,1
131,31,30,1
132,31,31,1
133,31,32,1
134,31,33,1
135,31,34,1
136,30,35,1
137,29,36,1
138,29,37,1
139,29,38,1
140,29,39,1
141,29,40,1
142,28,41,1
143,27,41,1
144,26,40,1
145,25,40,1
146,24,39,1
147,23,38,1
148,23,37,1
149,22,36,1
150,22,35,1
151,21,34,1
152,21,33,1
153,21,32,1
154,20,31,1
155,21,30,1
156,21,29,1
157,21,28,1
158,21,27,1
159,21,26,1
160,22,25,1
161,22,24,1
162,23,23,1
163,23,22,1
164,24,21,1
165,25,20,1
166,25,19,1
167,26,18,1
168,27,17,1
169,28,16,1
170,29,16,1
171,30,15,1
172,31,14,1
173,32,14,1
174,33,14,1
175,34,14,1
176,35,14,1
177,36,14,1
178,37,15,1
179,38,15,1
180,39,15,1
181,40,15,1
182,41,15,1
183,42,16,1
184,43,16,1
185,44,17,1
186,45,18,1
187,45,19,1
188,45,20,1
189,46,21,1
190,46,22,1
191,46,23,1
192,47,23,1
193,48,23,1
194,49,23,1
195,50,23,1
196,51,23,1
197,52,23,1
198,52,22,1
199,53,21,1
200,53,20,1
201,53,19,1
202,53,18,1
203,53,17,1
204,53,16,1
205,52,15,1
206,52,14,1
207,52,13,1
208,51,12,1
209,50,12,1
210,49,11,1
211,48,11,1
212,47,11,1
213,46,11,1
214,45,11,1
215,44,10,1
216,43,10,1
217,42,10,1
218,41,10,1
219,40,10,1
220,39,10,1
221,38,10,1
222,37,10,1
223,36,10,1
224,35,9,1
225,34,9,1
226,33,9,1
227,32,9,1
228,31,9,1
229,30,9,1
0,35,37,2
1,36,36,2
2,37,37,2
3,38,37,2
4,39,37,2
5,40,37,2
6,41,37,2
7,42,37,2
8,43,38,2
9,44,39,2
10,44,40,2
11,44,41,2
12,44,42,2
13,43,43,2
14,43,44,2
15,42,45,2
16,41,46,2
17,40,47,2
18,39,48,2
19,38,48,2
20,37,48,2
21,36,48,2
22,35,47,2
23,34,47,2
24,33,46,2
25,33,45,2
26,33,44,2
27,34,43,2
28,35,43,2
29,36,42,2
30,36,41,2
31,36,40,2
32,36,39,2
33,35,38,2
