,0,1,cont
0,27,9,0
1,26,10,0
2,25,10,0
3,24,11,0
4,23,11,0
5,22,12,0
6,21,13,0
7,20,13,0
8,19,14,0
9,18,15,0
10,17,16,0
11,16,16,0
12,15,17,0
13,14,17,0
14,14,18,0
15,13,19,0
16,13,20,0
17,12,21,0
18,11,22,0
19,11,23,0
20,10,24,0
21,10,25,0
22,10,26,0
23,10,27,0
24,10,28,0
25,10,29,0
26,10,30,0
27,9,31,0
28,9,32,0
29,9,33,0
30,9,34,0
31,9,35,0
32,9,36,0
33,9,37,0
34,9,38,0
35,9,39,0
36,9,40,0
37,9,41,0
38,9,42,0
39,10,43,0
40,10,44,0
41,10,45,0
42,11,46,0
43,12,46,0
44,13,47,0
45,13,48,0
46,14,49,0
47,15,50,0
48,16,51,0
49,17,51,0
50,18,52,0
51,18,53,0
52,19,53,0
53,20,53,0
54,21,53,0
55,22,53,0
56,23,54,0
57,24,55,0
58,25,56,0
59,26,56,0
60,27,57,0
61,28,57,0
62,29,58,0
63,30,58,0
64,31,58,0
65,32,58,0
66,33,58,0
67,34,59,0
68,35,59,0
69,36,59,0
70,37,59,0
71,38,59,0
72,39,58,0
73,40,58,0
74,41,58,0
75,42,58,0
76,43,58,0
77,44,58,0
78,45,57,0
79,46,56,0
80,47,56,0
81,48,56,0
82,49,56,0
83,50,55,0
84,51,54,0
85,52,54,0
86,53,54,0
87,54,54,0
88,55,54,0
89,56,53,0
90,56,52,0
91,56,51,0
92,56,50,0
93,56,49,0
94,56,48,0
95,56,47,0
96,56,46,0
97,56,45,0
98,56,44,0
99,56,43,0
100,56,42,0
101,56,41,0
102,56,40,0
103,56,39,0
104,56,38,0
105,57,37,0
106,57,36,0
107,57,35,0
108,57,34,0
109,57,33,0
110,56,32,0
111,55,32,0
112,54,32,0
113,53,32,0
114,52,32,0
115,51,32,0
116,50,32,0
117,49,31,0
118,48,31,0
119,47,31,0
120,46,31,0
121,45,31,0
122,44,30,0
123,43,30,0
124,42,30,0
125,41,29,0
126,40,29,0
127,39,29,0
128,38,29,0
129,37,30,0
130,36,30,0
131,36,31,0
132,36,32,0
133,36,33,0
134,36,34,0
135,36,35,0
136,36,36,0
137,37,36,0
138,38,37,0
139,39,37,0
140,40,37,0
141,41,37,0
142,42,37,0
143,43,37,0
144,44,38,0
145,45,39,0
146,45,40,0
147,45,41,0
148,45,42,0
149,45,43,0
150,45,44,0
151,45,45,0
152,45,46,0
153,44,47,0
154,43,48,0
155,42,48,0
156,41,49,0
157,40,49,0
158,39,49,0
159,38,50,0
160,37,51,0
161,36,51,0
162,35,51,0
163,34,50,0
164,33,50,0
165,32,50,0
166,31,49,0
167,30,48,0
168,29,48,0
169,28,48,0
170,27,47,0
171,26,46,0
172,25,46,0
173,24,46,0
174,23,46,0
175,22,45,0
176,22,44,0
177,22,43,0
178,22,42,0
179,22,41,0
180,22,40,0
181,22,39,0
182,22,38,0
183,22,37,0
184,22,36,0
185,22,35,0
186,22,34,0
187,22,33,0
188,22,32,0
189,22,31,0
190,23,30,0
191,23,29,0
192,23,28,0
193,24,27,0
194,24,26,0
195,24,25,0
196,24,24,0
197,25,23,0
198,25,22,0
199,26,21,0
200,27,20,0
201,28,19,0
202,29,18,0
203,30,17,0
204,31,16,0
205,32,16,0
206,33,15,0
207,34,15,0
208,35,14,0
209,36,14,0
210,37,14,0
211,38,14,0
212,39,14,0
213,40,14,0
214,41,14,0
215,42,14,0
216,43,15,0
217,44,15,0
218,45,16,0
219,46,17,0
220,47,18,0
221,48,19,0
222,48,20,0
223,49,21,0
224,49,22,0
225,50,23,0
226,51,23,0
227,52,23,0
228,53,23,0
229,54,23,0
230,55,22,0
231,55,21,0
232,55,20,0
233,55,19,0
234,55,18,0
235,55,17,0
236,55,16,0
237,54,15,0
238,54,14,0
239,54,13,0
240,53,12,0
241,52,12,0
242,51,11,0
243,50,10,0
244,49,10,0
245,48,9,0
246,47,9,0
247,46,9,0
248,45,9,0
249,44,9,0
250,43,9,0
251,42,9,0
252,41,9,0
253,40,9,0
254,39,9,0
255,38,9,0
256,37,9,0
257,36,9,0
258,35,9,0
259,34,9,0
260,33,9,0
261,32,9,0
262,31,9,0
263,30,9,0
264,29,9,0
265,28,9,0
