,0,1,cont
0,31,9,0
1,30,10,0
2,29,10,0
3,28,10,0
4,27,11,0
5,26,12,0
6,25,12,0
7,24,13,0
8,23,13,0
9,22,14,0
10,21,15,0
11,20,15,0
12,19,16,0
13,18,17,0
14,17,18,0
15,16,19,0
16,15,20,0
17,14,21,0
18,14,22,0
19,13,23,0
20,13,24,0
21,13,25,0
22,12,26,0
23,11,27,0
24,10,28,0
25,10,29,0
26,10,30,0
27,10,31,0
28,10,32,0
29,10,33,0
30,10,34,0
31,9,35,0
32,9,36,0
33,9,37,0
34,9,38,0
35,10,39,0
36,10,40,0
37,10,41,0
38,10,42,0
39,10,43,0
40,11,44,0
41,12,45,0
42,12,46,0
43,12,47,0
44,12,48,0
45,13,49,0
46,13,50,0
47,14,51,0
48,15,52,0
49,15,53,0
50,16,54,0
51,17,55,0
52,18,56,0
53,19,56,0
54,20,56,0
55,21,57,0
56,22,58,0
57,23,58,0
58,24,59,0
59,25,59,0
60,26,59,0
61,27,59,0
62,28,59,0
63,29,59,0
64,30,60,0
65,31,60,0
66,32,60,0
67,33,61,0
68,34,61,0
69,35,61,0
70,36,62,0
71,37,62,0
72,38,62,0
73,39,62,0
74,40,62,0
75,41,61,0
76,42,61,0
77,43,61,0
78,44,61,0
79,45,60,0
80,46,60,0
81,47,60,0
82,48,59,0
83,49,59,0
84,50,58,0
85,51,58,0
86,52,57,0
87,53,56,0
88,54,55,0
89,55,54,0
90,56,53,0
91,56,52,0
92,56,51,0
93,56,50,0
94,56,49,0
95,56,48,0
96,56,47,0
97,56,46,0
98,56,45,0
99,56,44,0
100,56,43,0
101,56,42,0
102,56,41,0
103,57,40,0
104,57,39,0
105,58,38,0
106,58,37,0
107,58,36,0
108,58,35,0
109,58,34,0
110,57,33,0
111,56,33,0
112,55,33,0
113,54,33,0
114,53,32,0
115,52,32,0
116,51,32,0
117,50,32,0
118,49,33,0
119,48,33,0
120,47,33,0
121,46,32,0
122,45,32,0
123,44,32,0
124,43,32,0
125,42,32,0
126,41,31,0
127,40,31,0
128,39,31,0
129,38,31,0
130,37,31,0
131,36,32,0
132,35,33,0
133,35,34,0
134,35,35,0
135,36,36,0
136,36,37,0
137,37,37,0
138,38,38,0
139,39,38,0
140,40,38,0
141,41,38,0
142,42,38,0
143,43,38,0
144,44,39,0
145,45,40,0
146,45,41,0
147,45,42,0
148,46,43,0
149,46,44,0
150,46,45,0
151,46,46,0
152,45,47,0
153,45,48,0
154,44,49,0
155,44,50,0
156,43,51,0
157,42,52,0
158,41,53,0
159,40,53,0
160,39,54,0
161,38,54,0
162,37,54,0
163,36,54,0
164,35,53,0
165,34,53,0
166,33,53,0
167,32,53,0
168,31,53,0
169,30,52,0
170,29,51,0
171,29,50,0
172,29,49,0
173,28,48,0
174,27,47,0
175,26,46,0
176,25,45,0
177,24,44,0
178,23,43,0
179,22,42,0
180,22,41,0
181,21,40,0
182,21,39,0
183,21,38,0
184,21,37,0
185,21,36,0
186,21,35,0
187,21,34,0
188,22,33,0
189,22,32,0
190,23,31,0
191,23,30,0
192,24,29,0
193,24,28,0
194,25,27,0
195,26,26,0
196,27,25,0
197,27,24,0
198,28,23,0
199,28,22,0
200,29,21,0
201,29,20,0
202,29,19,0
203,30,18,0
204,31,18,0
205,32,17,0
206,33,16,0
207,34,16,0
208,35,15,0
209,36,15,0
210,37,15,0
211,38,14,0
212,39,14,0
213,40,14,0
214,41,15,0
215,42,15,0
216,43,15,0
217,44,15,0
218,45,16,0
219,46,17,0
220,47,18,0
221,48,19,0
222,49,20,0
223,49,21,0
224,49,22,0
225,50,23,0
226,50,24,0
227,50,25,0
228,51,26,0
229,52,26,0
230,53,26,0
231,54,25,0
232,55,25,0
233,55,24,0
234,56,23,0
235,56,22,0
236,56,21,0
237,56,20,0
238,56,19,0
239,56,18,0
240,56,17,0
241,56,16,0
242,56,15,0
243,55,14,0
244,54,13,0
245,53,12,0
246,52,12,0
247,51,11,0
248,50,10,0
249,49,10,0
250,48,10,0
251,47,10,0
252,46,10,0
253,45,10,0
254,44,10,0
255,43,10,0
256,42,9,0
257,41,9,0
258,40,9,0
259,39,9,0
260,38,9,0
261,37,9,0
262,36,9,0
263,35,9,0
264,34,9,0
265,33,9,0
266,32,9,0
