,0,1,cont
0,29,9,0
1,28,10,0
2,27,10,0
3,26,10,0
4,25,10,0
5,24,10,0
6,23,10,0
7,22,10,0
8,21,10,0
9,20,11,0
10,19,12,0
11,18,12,0
12,17,13,0
13,16,13,0
14,16,14,0
15,15,15,0
16,14,16,0
17,13,17,0
18,12,18,0
19,12,19,0
20,11,20,0
21,11,21,0
22,10,22,0
23,10,23,0
24,10,24,0
25,10,25,0
26,10,26,0
27,10,27,0
28,10,28,0
29,10,29,0
30,10,30,0
31,9,31,0
32,9,32,0
33,9,33,0
34,9,34,0
35,10,35,0
36,10,36,0
37,10,37,0
38,10,38,0
39,10,39,0
40,10,40,0
41,10,41,0
42,11,42,0
43,11,43,0
44,11,44,0
45,12,45,0
46,13,46,0
47,13,47,0
48,14,48,0
49,15,49,0
50,16,50,0
51,17,50,0
52,18,51,0
53,19,51,0
54,20,52,0
55,21,52,0
56,22,53,0
57,23,53,0
58,24,54,0
59,25,54,0
60,26,54,0
61,27,54,0
62,28,55,0
63,29,55,0
64,30,55,0
65,31,55,0
66,32,55,0
67,33,55,0
68,34,55,0
69,35,55,0
70,36,55,0
71,37,55,0
72,38,54,0
73,39,54,0
74,40,54,0
75,41,54,0
76,42,54,0
77,43,54,0
78,44,54,0
79,45,53,0
80,46,53,0
81,46,52,0
82,47,51,0
83,48,51,0
84,49,50,0
85,50,49,0
86,51,49,0
87,51,48,0
88,51,47,0
89,51,46,0
90,51,45,0
91,51,44,0
92,51,43,0
93,51,42,0
94,51,41,0
95,51,40,0
96,51,39,0
97,51,38,0
98,51,37,0
99,51,36,0
100,51,35,0
101,51,34,0
102,52,33,0
103,52,32,0
104,52,31,0
105,52,30,0
106,52,29,0
107,51,29,0
108,50,29,0
109,49,29,0
110,48,29,0
111,47,29,0
112,46,29,0
113,45,28,0
114,44,28,0
115,43,28,0
116,42,28,0
117,41,28,0
118,40,28,0
119,39,27,0
120,38,27,0
121,37,27,0
122,36,27,0
123,35,27,0
124,34,27,0
125,34,28,0
126,34,29,0
127,34,30,0
128,34,31,0
129,35,32,0
130,36,32,0
131,37,32,0
132,38,33,0
133,39,33,0
134,40,33,0
135,41,32,0
136,42,32,0
137,43,33,0
138,44,34,0
139,44,35,0
140,44,36,0
141,44,37,0
142,44,38,0
143,44,39,0
144,44,40,0
145,44,41,0
146,44,42,0
147,43,43,0
148,43,44,0
149,43,45,0
150,43,46,0
151,43,47,0
152,42,48,0
153,41,48,0
154,40,48,0
155,39,49,0
156,38,49,0
157,37,49,0
158,36,49,0
159,35,49,0
160,34,49,0
161,33,49,0
162,32,48,0
163,31,48,0
164,30,47,0
165,29,47,0
166,28,47,0
167,27,46,0
168,26,45,0
169,25,44,0
170,24,43,0
171,23,42,0
172,22,41,0
173,21,40,0
174,21,39,0
175,21,38,0
176,21,37,0
177,20,36,0
178,20,35,0
179,19,34,0
180,20,33,0
181,20,32,0
182,20,31,0
183,19,30,0
184,19,29,0
185,19,28,0
186,19,27,0
187,20,26,0
188,20,25,0
189,20,24,0
190,20,23,0
191,21,22,0
192,21,21,0
193,22,20,0
194,23,19,0
195,24,18,0
196,25,17,0
197,25,16,0
198,26,15,0
199,27,15,0
200,28,15,0
201,29,15,0
202,30,15,0
203,31,15,0
204,32,15,0
205,33,15,0
206,34,15,0
207,35,15,0
208,36,15,0
209,37,15,0
210,38,15,0
211,39,15,0
212,40,15,0
213,41,15,0
214,42,15,0
215,43,15,0
216,44,16,0
217,45,16,0
218,46,16,0
219,47,17,0
220,48,18,0
221,49,19,0
222,50,19,0
223,51,19,0
224,51,18,0
225,51,17,0
226,51,16,0
227,52,15,0
228,52,14,0
229,52,13,0
230,51,12,0
231,51,11,0
232,50,10,0
233,49,10,0
234,48,10,0
235,47,9,0
236,46,9,0
237,45,9,0
238,44,9,0
239,43,9,0
240,42,9,0
241,41,9,0
242,40,10,0
243,39,10,0
244,38,10,0
245,37,10,0
246,36,10,0
247,35,10,0
248,34,9,0
249,33,9,0
250,32,9,0
251,31,9,0
252,30,9,0
