,0,1,cont
0,27,9,0
1,26,10,0
2,25,11,0
3,24,11,0
4,23,11,0
5,22,12,0
6,21,13,0
7,20,13,0
8,19,13,0
9,18,14,0
10,17,14,0
11,16,15,0
12,15,16,0
13,14,16,0
14,13,17,0
15,12,18,0
16,12,19,0
17,11,20,0
18,11,21,0
19,11,22,0
20,10,23,0
21,10,24,0
22,10,25,0
23,10,26,0
24,10,27,0
25,9,28,0
26,9,29,0
27,9,30,0
28,9,31,0
29,9,32,0
30,9,33,0
31,9,34,0
32,9,35,0
33,9,36,0
34,9,37,0
35,9,38,0
36,9,39,0
37,10,40,0
38,10,41,0
39,10,42,0
40,11,43,0
41,11,44,0
42,12,45,0
43,12,46,0
44,13,47,0
45,14,48,0
46,15,49,0
47,16,50,0
48,17,50,0
49,18,51,0
50,19,52,0
51,20,52,0
52,21,52,0
53,22,53,0
54,23,54,0
55,24,54,0
56,25,54,0
57,26,55,0
58,27,55,0
59,28,55,0
60,29,55,0
61,30,55,0
62,31,54,0
63,32,55,0
64,32,56,0
65,33,57,0
66,34,57,0
67,35,57,0
68,36,57,0
69,37,57,0
70,38,57,0
71,39,57,0
72,40,57,0
73,41,56,0
74,42,56,0
75,43,55,0
76,44,55,0
77,45,54,0
78,46,54,0
79,47,54,0
80,48,53,0
81,49,53,0
82,50,52,0
83,51,52,0
84,52,51,0
85,52,50,0
86,53,49,0
87,53,48,0
88,53,47,0
89,53,46,0
90,53,45,0
91,53,44,0
92,53,43,0
93,54,42,0
94,54,41,0
95,54,40,0
96,54,39,0
97,54,38,0
98,54,37,0
99,54,36,0
100,54,35,0
101,54,34,0
102,54,33,0
103,54,32,0
104,53,31,0
105,52,31,0
106,51,31,0
107,50,31,0
108,49,30,0
109,48,30,0
110,47,30,0
111,46,30,0
112,45,30,0
113,44,30,0
114,43,30,0
115,42,30,0
116,41,30,0
117,40,30,0
118,39,30,0
119,38,30,0
120,37,30,0
121,36,30,0
122,35,30,0
123,35,31,0
124,35,32,0
125,35,33,0
126,35,34,0
127,35,35,0
128,36,36,0
129,37,36,0
130,38,36,0
131,39,36,0
132,40,36,0
133,41,36,0
134,42,36,0
135,43,36,0
136,44,37,0
137,44,38,0
138,44,39,0
139,44,40,0
140,44,41,0
141,44,42,0
142,44,43,0
143,43,44,0
144,43,45,0
145,43,46,0
146,43,47,0
147,42,48,0
148,41,49,0
149,40,49,0
150,39,50,0
151,38,50,0
152,37,50,0
153,36,50,0
154,35,50,0
155,34,50,0
156,33,50,0
157,32,49,0
158,31,49,0
159,30,48,0
160,29,48,0
161,28,47,0
162,27,46,0
163,26,46,0
164,25,46,0
165,24,46,0
166,23,45,0
167,22,44,0
168,22,43,0
169,22,42,0
170,22,41,0
171,22,40,0
172,22,39,0
173,22,38,0
174,21,37,0
175,20,36,0
176,21,35,0
177,21,34,0
178,21,33,0
179,21,32,0
180,21,31,0
181,21,30,0
182,21,29,0
183,21,28,0
184,22,27,0
185,22,26,0
186,23,25,0
187,23,24,0
188,24,23,0
189,24,22,0
190,24,21,0
191,24,20,0
192,24,19,0
193,25,18,0
194,26,17,0
195,27,16,0
196,28,15,0
197,29,15,0
198,30,14,0
199,31,14,0
200,32,14,0
201,33,14,0
202,34,14,0
203,35,14,0
204,36,14,0
205,37,14,0
206,38,15,0
207,39,15,0
208,40,15,0
209,41,15,0
210,42,15,0
211,43,15,0
212,44,16,0
213,45,16,0
214,46,17,0
215,47,18,0
216,47,19,0
217,47,20,0
218,48,21,0
219,48,22,0
220,48,23,0
221,49,23,0
222,50,23,0
223,51,23,0
224,52,23,0
225,52,22,0
226,52,21,0
227,52,20,0
228,52,19,0
229,52,18,0
230,52,17,0
231,52,16,0
232,52,15,0
233,52,14,0
234,52,13,0
235,51,12,0
236,50,11,0
237,49,11,0
238,48,11,0
239,47,10,0
240,46,10,0
241,45,10,0
242,44,10,0
243,43,10,0
244,42,10,0
245,41,9,0
246,40,9,0
247,39,9,0
248,38,9,0
249,37,9,0
250,36,9,0
251,35,9,0
252,34,9,0
253,33,9,0
254,32,9,0
255,31,9,0
256,30,9,0
257,29,9,0
258,28,9,0
