,0,1,cont
0,39,9,0
1,38,10,0
2,37,10,0
3,36,10,0
4,35,10,0
5,34,10,0
6,33,10,0
7,32,10,0
8,31,10,0
9,30,10,0
10,29,10,0
11,28,10,0
12,27,11,0
13,26,11,0
14,25,11,0
15,24,12,0
16,23,12,0
17,22,13,0
18,22,14,0
19,21,15,0
20,20,15,0
21,19,16,0
22,18,17,0
23,17,17,0
24,16,18,0
25,16,19,0
26,15,20,0
27,14,21,0
28,13,21,0
29,12,22,0
30,11,23,0
31,11,24,0
32,11,25,0
33,10,26,0
34,10,27,0
35,10,28,0
36,9,29,0
37,9,30,0
38,9,31,0
39,9,32,0
40,9,33,0
41,10,34,0
42,10,35,0
43,10,36,0
44,10,37,0
45,10,38,0
46,10,39,0
47,10,40,0
48,10,41,0
49,10,42,0
50,10,43,0
51,11,44,0
52,11,45,0
53,11,46,0
54,12,47,0
55,13,48,0
56,13,49,0
57,14,50,0
58,15,51,0
59,16,52,0
60,17,53,0
61,18,54,0
62,19,54,0
63,20,54,0
64,21,54,0
65,22,55,0
66,23,55,0
67,24,56,0
68,25,56,0
69,26,56,0
70,27,57,0
71,28,57,0
72,29,58,0
73,30,58,0
74,31,58,0
75,32,58,0
76,33,58,0
77,34,58,0
78,35,58,0
79,36,58,0
80,37,58,0
81,38,58,0
82,39,58,0
83,40,58,0
84,41,58,0
85,42,57,0
86,43,56,0
87,44,56,0
88,45,56,0
89,46,56,0
90,47,55,0
91,48,55,0
92,49,55,0
93,50,54,0
94,51,54,0
95,52,53,0
96,53,53,0
97,54,52,0
98,54,51,0
99,54,50,0
100,54,49,0
101,55,48,0
102,55,47,0
103,55,46,0
104,55,45,0
105,55,44,0
106,55,43,0
107,55,42,0
108,55,41,0
109,55,40,0
110,55,39,0
111,55,38,0
112,55,37,0
113,56,36,0
114,56,35,0
115,56,34,0
116,56,33,0
117,56,32,0
118,56,31,0
119,56,30,0
120,56,29,0
121,55,29,0
122,54,29,0
123,53,29,0
124,52,29,0
125,51,30,0
126,50,31,0
127,49,31,0
128,48,31,0
129,47,30,0
130,46,30,0
131,45,30,0
132,44,30,0
133,43,30,0
134,42,30,0
135,41,29,0
136,40,29,0
137,39,28,0
138,38,28,0
139,37,28,0
140,36,28,0
141,35,29,0
142,35,30,0
143,35,31,0
144,34,32,0
145,34,33,0
146,34,34,0
147,34,35,0
148,35,36,0
149,36,36,0
150,37,37,0
151,38,37,0
152,39,37,0
153,40,37,0
154,41,37,0
155,42,37,0
156,43,37,0
157,44,38,0
158,45,39,0
159,45,40,0
160,44,41,0
161,44,42,0
162,44,43,0
163,44,44,0
164,44,45,0
165,44,46,0
166,43,47,0
167,43,48,0
168,42,49,0
169,41,50,0
170,40,50,0
171,39,51,0
172,38,51,0
173,37,51,0
174,36,51,0
175,35,50,0
176,34,50,0
177,33,50,0
178,32,50,0
179,31,50,0
180,30,49,0
181,29,48,0
182,28,47,0
183,27,46,0
184,26,45,0
185,25,44,0
186,24,43,0
187,23,42,0
188,23,41,0
189,23,40,0
190,23,39,0
191,23,38,0
192,22,37,0
193,22,36,0
194,22,35,0
195,21,34,0
196,22,33,0
197,22,32,0
198,22,31,0
199,21,30,0
200,22,29,0
201,23,28,0
202,23,27,0
203,23,26,0
204,24,25,0
205,25,24,0
206,25,23,0
207,26,22,0
208,26,21,0
209,27,20,0
210,27,19,0
211,28,18,0
212,29,17,0
213,30,16,0
214,31,15,0
215,32,15,0
216,33,15,0
217,34,15,0
218,35,15,0
219,36,15,0
220,37,14,0
221,38,14,0
222,39,14,0
223,40,13,0
224,41,13,0
225,42,14,0
226,43,15,0
227,44,15,0
228,45,15,0
229,46,16,0
230,47,17,0
231,48,18,0
232,48,19,0
233,49,20,0
234,49,21,0
235,49,22,0
236,50,23,0
237,51,24,0
238,52,24,0
239,53,24,0
240,54,23,0
241,55,22,0
242,55,21,0
243,55,20,0
244,55,19,0
245,55,18,0
246,55,17,0
247,55,16,0
248,54,15,0
249,54,14,0
250,53,13,0
251,52,12,0
252,51,12,0
253,50,11,0
254,49,11,0
255,48,10,0
256,47,10,0
257,46,9,0
258,45,9,0
259,44,9,0
260,43,9,0
261,42,9,0
262,41,9,0
263,40,9,0
